样条阶数： 10

样条阶数：  2

节点向量
 U = [0.000000, 0.000000, 0.000000, 0.002812, 0.004687, 0.006562, 0.008441, 0.010323, 0.012210, 0.014098, ...
0.015985, 0.017870, 0.019754, 0.021638, 0.023522, 0.025410, 0.027301, 0.029194, 0.031084, 0.032972, ...
0.034859, 0.036746, 0.038632, 0.040518, 0.042402, 0.044283, 0.046164, 0.048043, 0.049919, 0.051791, ...
0.053661, 0.055528, 0.057392, 0.059255, 0.061119, 0.062981, 0.064838, 0.066689, 0.068536, 0.070378, ...
0.072217, 0.074053, 0.075887, 0.077718, 0.079543, 0.081365, 0.083183, 0.084996, 0.086805, 0.088611, ...
0.090417, 0.092222, 0.094024, 0.095820, 0.097612, 0.099401, 0.101187, 0.102972, 0.104758, 0.106917, ...
0.109457, 0.112019, 0.114602, 0.117207, 0.119831, 0.122474, 0.125131, 0.127802, 0.130485, 0.132783, ...
0.134690, 0.136998, 0.139308, 0.141223, 0.144094, 0.147919, 0.151743, 0.155568, 0.159397, 0.163232, ...
0.167069, 0.170906, 0.174744, 0.178584, 0.182427, 0.186271, 0.190115, 0.193962, 0.197812, 0.201668, ...
0.205534, 0.209405, 0.213275, 0.217145, 0.221016, 0.224889, 0.228764, 0.232643, 0.236524, 0.240406, ...
0.244287, 0.248170, 0.252053, 0.255937, 0.259821, 0.263705, 0.267586, 0.271463, 0.275342, 0.278656, ...
0.281404, 0.284156, 0.286910, 0.289668, 0.292430, 0.295196, 0.297964, 0.300735, 0.303509, 0.306285, ...
0.309065, 0.311850, 0.314641, 0.317440, 0.320247, 0.323066, 0.325898, 0.328746, 0.331612, 0.334501, ...
0.336982, 0.339043, 0.341104, 0.343163, 0.345221, 0.347276, 0.349325, 0.351367, 0.353813, 0.356240, ...
0.358230, 0.360205, 0.362162, 0.364099, 0.366016, 0.367913, 0.369790, 0.371648, 0.373486, 0.375301, ...
0.377094, 0.378867, 0.380626, 0.382377, 0.384124, 0.385865, 0.387605, 0.389348, 0.391098, 0.392857, ...
0.394625, 0.396396, 0.398172, 0.399954, 0.401745, 0.403547, 0.405362, 0.407186, 0.409016, 0.410851, ...
0.412696, 0.414549, 0.416413, 0.418287, 0.420167, 0.422050, 0.423936, 0.425826, 0.427721, 0.429623, ...
0.431532, 0.433446, 0.435360, 0.437276, 0.439192, 0.441109, 0.443026, 0.444944, 0.446864, 0.448784, ...
0.450700, 0.452614, 0.454526, 0.456437, 0.458349, 0.460260, 0.462166, 0.464063, 0.465954, 0.467838, ...
0.469716, 0.471589, 0.473459, 0.475324, 0.477180, 0.479026, 0.480863, 0.482691, 0.484512, 0.486324, ...
0.488122, 0.489906, 0.491676, 0.493436, 0.495189, 0.496936, 0.498674, 0.500399, 0.502114, 0.503822, ...
0.505527, 0.507223, 0.508917, 0.511000, 0.513489, 0.516034, 0.518639, 0.521301, 0.524019, 0.526790, ...
0.529607, 0.532041, 0.534072, 0.536111, 0.538156, 0.540206, 0.542260, 0.544316, 0.546073, 0.547529, ...
0.548985, 0.550441, 0.552197, 0.554667, 0.557543, 0.560396, 0.563229, 0.566047, 0.568853, 0.571648, ...
0.574436, 0.577215, 0.579988, 0.582756, 0.585520, 0.588281, 0.591038, 0.593791, 0.596542, 0.599292, ...
0.602039, 0.604786, 0.608102, 0.611986, 0.615869, 0.619749, 0.623630, 0.627513, 0.631398, 0.635283, ...
0.639167, 0.643048, 0.646929, 0.650811, 0.654693, 0.658572, 0.662449, 0.666323, 0.670195, 0.674062, ...
0.677924, 0.681782, 0.685638, 0.689494, 0.693354, 0.697214, 0.701067, 0.704912, 0.708751, 0.712586, ...
0.716418, 0.720249, 0.724079, 0.727905, 0.731728, 0.735550, 0.739371, 0.743192, 0.746454, 0.749156, ...
0.751179, 0.752523, 0.754146, 0.756436, 0.759111, 0.761774, 0.764423, 0.767052, 0.769662, 0.772257, ...
0.774836, 0.777028, 0.778842, 0.780655, 0.782468, 0.784283, 0.786100, 0.787917, 0.789733, 0.791549, ...
0.793367, 0.795188, 0.797014, 0.798845, 0.800683, 0.802525, 0.804367, 0.806211, 0.808056, 0.809904, ...
0.811755, 0.813609, 0.815465, 0.817327, 0.819195, 0.821065, 0.822936, 0.824806, 0.826678, 0.828551, ...
0.830426, 0.832305, 0.834190, 0.836078, 0.837965, 0.839852, 0.841738, 0.843626, 0.845513, 0.847401, ...
0.849291, 0.851183, 0.853075, 0.854965, 0.856854, 0.858742, 0.860629, 0.862516, 0.864405, 0.866295, ...
0.868184, 0.870068, 0.871946, 0.873820, 0.875692, 0.877563, 0.879432, 0.881687, 0.884335, 0.886992, ...
0.889659, 0.891941, 0.893835, 0.896682, 0.900480, 0.905062, 0.910430, 0.915797, 0.921163, 0.926529, ...
0.931894, 0.937259, 0.942623, 0.947988, 0.953353, 0.958718, 0.964083, 0.969448, 0.974813, 0.980179, ...
0.985545, 0.989570, 0.991855, 0.993742, 0.996016, 1.000000, 1.000000, 1.000000, ];

控制点
 CQ = [ ... 
-30.483500 18.522000 30.742900 -36.144144 19.856196 38.877826 
-30.453425 18.696889 30.735260 -36.114763 20.127008 38.853965 
-30.386841 18.984857 30.727358 -36.037602 20.574061 38.823498 
-30.325253 19.213138 30.723773 -35.961871 20.929677 38.803761 
-30.254984 19.439588 30.722793 -35.869791 21.283035 38.790002 
-30.176404 19.664253 30.724270 -35.761974 21.633751 38.781983 
-30.089177 19.886958 30.728410 -35.640975 21.982943 38.777552 
-29.993666 20.107141 30.734894 -35.502596 22.326671 38.780370 
-29.890633 20.323353 30.743809 -35.355452 22.666686 38.784260 
-29.780314 20.535587 30.755038 -35.191800 22.998807 38.795727 
-29.662965 20.743411 30.768335 -35.016978 23.325471 38.810217 
-29.538856 20.946873 30.783734 -34.828274 23.643942 38.830611 
-29.407804 21.145903 30.801273 -34.628278 23.955897 38.854531 
-29.269956 21.340645 30.820678 -34.416695 24.260571 38.882288 
-29.125356 21.531186 30.841961 -34.193099 24.559138 38.913764 
-28.973756 21.717451 30.865298 -33.957630 24.849627 38.949545 
-28.816428 21.898130 30.890200 -33.711298 25.131538 38.988960 
-28.653905 22.073071 30.916599 -33.455732 25.403248 39.031830 
-28.486170 22.242196 30.944537 -33.191798 25.666538 39.076914 
-28.313324 22.405508 30.973734 -32.918694 25.919634 39.125183 
-28.135507 22.563132 31.004253 -32.636825 26.162662 39.176535 
-27.952900 22.714841 31.035935 -32.346238 26.396097 39.230546 
-27.765870 22.860323 31.068873 -32.048142 26.619246 39.286986 
-27.575253 22.999291 31.102655 -31.743293 26.830763 39.345954 
-27.380305 23.131868 31.137582 -31.431797 27.031946 39.406776 
-27.181804 23.257984 31.173364 -31.113798 27.221292 39.470133 
-26.979996 23.377387 31.210105 -30.790041 27.399565 39.535394 
-26.775454 23.489793 31.247382 -30.460946 27.564469 39.603157 
-26.568323 23.595306 31.285413 -30.127786 27.719092 39.671674 
-26.358510 23.694027 31.324009 -29.791473 27.862835 39.740694 
-26.146556 23.785615 31.363122 -29.450276 27.991608 39.812965 
-25.932505 23.870369 31.402719 -29.106467 28.111955 39.884447 
-25.715696 23.948289 31.443022 -28.757552 28.217544 39.959211 
-25.496613 24.019067 31.483932 -28.404742 28.310769 40.035479 
-25.276419 24.082487 31.525127 -28.050711 28.392461 40.111879 
-25.055680 24.138271 31.566527 -27.695815 28.459875 40.189650 
-24.834735 24.186607 31.608127 -27.341439 28.515949 40.267114 
-24.613300 24.227408 31.650051 -26.985754 28.554138 40.348080 
-24.391566 24.260730 31.692120 -26.630874 28.583414 40.427378 
-24.169829 24.286437 31.734574 -26.275524 28.596679 40.509125 
-23.948084 24.304544 31.777040 -25.920947 28.596901 40.591140 
-23.726287 24.315061 31.819868 -25.567158 28.584254 40.673685 
-23.505360 24.317846 31.862651 -25.215711 28.557512 40.756740 
-23.285813 24.313071 31.905463 -24.867405 28.517166 40.840173 
-23.067285 24.300573 31.948351 -24.521640 28.462910 40.924135 
-22.850558 24.280419 31.991297 -24.179892 28.395289 41.008263 
-22.635796 24.252295 32.033944 -23.842155 28.311263 41.093441 
-22.423138 24.216400 32.076785 -23.509303 28.213815 41.178759 
-22.212469 24.172632 32.119605 -23.181038 28.102887 41.264004 
-22.003649 24.120605 32.162383 -22.857473 27.976797 41.349654 
-21.797246 24.060651 32.205209 -22.539677 27.835763 41.435731 
-21.594529 23.992811 32.247617 -22.229388 27.680967 41.521224 
-21.395758 23.917518 32.289514 -21.927340 27.511011 41.606680 
-21.201015 23.834603 32.331022 -21.633729 27.329672 41.690651 
-21.010274 23.744080 32.372157 -21.348966 27.132938 41.774624 
-20.824288 23.645990 32.412717 -21.074394 26.922760 41.857618 
-20.639950 23.538352 32.453148 -20.805329 26.694543 41.940814 
-20.457083 23.422523 32.493848 -20.541911 26.450443 42.024703 
-20.116429 23.174348 32.570262 -20.062396 25.934249 42.183131 
-19.775374 22.916493 32.636207 -19.596274 25.412312 42.319162 
-19.424035 22.647123 32.693275 -19.126686 24.890266 42.434907 
-19.069084 22.369857 32.740668 -18.664470 24.368659 42.531386 
-18.709932 22.084775 32.778917 -18.207096 23.856885 42.608517 
-18.347366 21.791920 32.808177 -17.752549 23.358209 42.667416 
-17.982178 21.492496 32.829299 -17.300705 22.874851 42.710290 
-17.614583 21.185922 32.842704 -16.845595 22.411313 42.737853 
-17.250819 20.878084 32.849014 -16.391920 21.974986 42.751822 
-16.885392 20.563914 32.848120 -15.923201 21.558962 42.751948 
-16.693429 20.396798 32.844961 -15.681616 21.358334 42.747211 
-16.504659 20.231505 32.841244 -15.371111 21.103807 42.738629 
-16.143541 19.915666 32.829037 -15.016213 20.847356 42.721561 
-15.949979 19.749137 32.820573 -14.746338 20.669316 42.705167 
-15.745185 19.573353 32.812267 -14.514026 20.506222 42.692298 
-14.994763 18.943867 32.774905 -13.632288 19.908924 42.634822 
-14.247608 18.341707 32.726687 -12.760798 19.339445 42.565287 
-13.469883 17.735414 32.666563 -11.855325 18.766045 42.481629 
-12.684592 17.145008 32.595355 -10.944100 18.208802 42.385321 
-11.887017 16.566320 32.512158 -10.020817 17.663974 42.275192 
-11.079044 16.001060 32.417046 -9.088453 17.130996 42.151783 
-10.262482 15.450358 32.309538 -8.148464 16.613345 42.014314 
-9.437615 14.914095 32.189663 -7.201468 16.110103 41.863000 
-8.604324 14.392371 32.057114 -6.247437 15.621258 41.697604 
-7.762971 13.885178 31.911407 -5.286882 15.146447 41.517774 
-6.913764 13.392360 31.752541 -4.319423 14.686461 41.323264 
-6.058471 12.915075 31.580551 -3.347735 14.241126 41.114566 
-5.196959 12.452729 31.395172 -2.371283 13.810697 40.891242 
-4.329113 12.005174 31.196000 -1.390378 13.394137 40.653189 
-3.454642 11.571348 30.983241 -0.403995 12.991813 40.400222 
-2.572897 11.150545 30.756017 0.587682 12.598495 40.132462 
-1.683413 10.742496 30.514227 1.583316 12.217825 39.849916 
-0.790286 10.349161 30.259110 2.574197 11.852718 39.555469 
0.105177 9.970861 29.992133 3.557112 11.504207 39.251465 
1.003309 9.607239 29.713666 4.532600 11.171186 38.938632 
1.904745 9.258119 29.424764 5.501049 10.853342 38.618418 
2.809584 8.923532 29.126108 6.462264 10.550525 38.291908 
3.718565 8.603021 28.818583 7.416730 10.262001 37.960363 
4.631803 8.296724 28.503183 8.364107 9.987763 37.625178 
5.547966 8.005252 28.181331 9.302459 9.727119 37.288432 
6.467239 7.728430 27.854279 10.232671 9.481503 36.950899 
7.389612 7.466504 27.523320 11.152729 9.249294 36.615121 
8.315496 7.219634 27.189654 12.062962 9.030595 36.282356 
9.245072 6.987572 26.854593 12.963314 8.825650 35.953861 
10.178689 6.770785 26.519367 13.853540 8.633864 35.631185 
11.117052 6.569166 26.185769 14.733848 8.452151 35.316731 
12.057607 6.383468 25.855591 15.600232 8.286543 35.011472 
13.003576 6.213706 25.530362 16.454478 8.132963 34.717875 
13.940331 6.061600 25.216043 17.284000 7.993002 34.440696 
14.888679 5.926286 24.908992 18.102565 7.864121 34.178216 
15.381701 5.862799 24.754253 18.520231 7.805018 34.048272 
15.870630 5.803506 24.603579 18.929746 7.745745 33.924062 
16.355342 5.749579 24.458183 19.330169 7.690620 33.806171 
16.844013 5.699616 24.315564 19.727756 7.637636 33.692694 
17.335388 5.654128 24.176655 20.121420 7.587163 33.584323 
17.829955 5.613011 24.041470 20.511213 7.538879 33.481020 
18.327057 5.576497 23.910958 20.896169 7.492816 33.383606 
18.826761 5.544706 23.785206 21.276019 7.448867 33.292019 
19.329149 5.517577 23.664618 21.650600 7.406717 33.206460 
19.834070 5.495367 23.549979 22.019267 7.366323 33.127547 
20.341800 5.478152 23.441521 22.381973 7.327413 33.055260 
20.852629 5.466058 23.339624 22.738572 7.289792 32.989704 
21.366975 5.459048 23.244970 23.089173 7.252900 32.931240 
21.885319 5.457222 23.157886 23.433465 7.216766 32.879818 
22.408076 5.460827 23.078988 23.771490 7.178674 32.836033 
22.935841 5.469885 23.008993 24.103214 7.142376 32.799348 
23.469356 5.484819 22.948610 24.429270 7.104978 32.770317 
24.009054 5.505476 22.898501 24.750027 7.066041 32.748877 
24.557434 5.532359 22.859575 25.064564 7.024797 32.735280 
25.106097 5.565012 22.832949 25.376705 6.982665 32.729419 
25.666360 5.604898 22.820815 25.651275 6.929674 32.733029 
25.958464 5.627845 22.819298 25.928732 6.927897 32.734338 
26.246799 5.651493 22.817136 26.201865 6.955660 32.731642 
26.530805 5.675971 22.815490 26.469299 7.009395 32.726023 
26.814975 5.701429 22.813925 26.742433 7.089017 32.716977 
27.098541 5.728183 22.812165 27.026715 7.192813 32.704161 
27.379998 5.755702 22.809898 27.324317 7.316752 32.687320 
27.664346 5.784534 22.806076 27.646288 7.462150 32.664466 
27.944148 5.813828 22.801254 27.977837 7.615443 32.638296 
28.477791 5.872603 22.783439 28.682732 7.941576 32.565820 
28.747011 5.901796 22.769029 29.070686 8.111954 32.516728 
29.013717 5.929251 22.752087 29.467480 8.279838 32.461823 
29.271313 5.954835 22.731718 29.867490 8.439601 32.400255 
29.524334 5.978598 22.707872 30.272654 8.592076 32.331835 
29.771627 6.000854 22.680259 30.683132 8.741315 32.254725 
30.013553 6.021217 22.649080 31.093534 8.880839 32.171035 
30.249971 6.040028 22.614292 31.503942 9.012998 32.080056 
30.480978 6.057256 22.575900 31.913076 9.137994 31.981743 
30.706472 6.072714 22.533988 32.319181 9.255167 31.876532 
30.926063 6.086749 22.488884 32.722549 9.368102 31.763427 
31.139483 6.099101 22.440843 33.117617 9.470234 31.645942 
31.346870 6.109424 22.390276 33.507013 9.565199 31.522786 
31.549413 6.118475 22.336593 33.891572 9.653919 31.393426 
31.748395 6.123570 22.280922 34.272741 9.732766 31.259348 
31.947321 6.112913 22.226925 34.650963 9.779422 31.129567 
32.143847 6.089545 22.174927 35.024562 9.800599 31.003232 
32.338087 6.053181 22.124605 35.392707 9.795295 30.881012 
32.530236 6.004117 22.076593 35.755467 9.764333 30.763767 
32.720477 5.942454 22.030647 36.113555 9.708178 30.651228 
32.908767 5.868196 21.986891 36.468265 9.628423 30.542502 
33.095206 5.781275 21.945617 36.816835 9.523101 30.440066 
33.277524 5.682591 21.907076 37.157442 9.394051 30.343811 
33.455093 5.572974 21.871715 37.488544 9.242663 30.254532 
33.627967 5.452881 21.839117 37.810892 9.070340 30.171218 
33.796025 5.322579 21.809193 38.122342 8.876654 30.095217 
33.959473 5.182159 21.782045 38.426239 8.663926 30.024136 
34.118401 5.031916 21.757213 38.722322 8.432353 29.957684 
34.272591 4.871907 21.734984 39.007859 8.181336 29.897805 
34.420349 4.703826 21.715073 39.281457 7.914659 29.843221 
34.561775 4.528434 21.697614 39.540405 7.632470 29.796057 
34.697104 4.345764 21.682239 39.790570 7.337625 29.751443 
34.826313 4.155891 21.668745 40.027664 7.027259 29.712870 
34.949419 3.959022 21.657095 40.253454 6.703252 29.678521 
35.066511 3.755215 21.646892 40.468173 6.365923 29.647722 
35.177156 3.545123 21.638218 40.672359 6.017101 29.619393 
35.280640 3.330695 21.630967 40.861825 5.658842 29.595712 
35.377050 3.112142 21.624753 41.037281 5.292679 29.575487 
35.466350 2.889681 21.619686 41.200585 4.918248 29.557611 
35.548755 2.663130 21.615496 41.350781 4.536132 29.542390 
35.624266 2.432580 21.612105 41.489738 4.146351 29.528329 
35.692837 2.198054 21.609442 41.614450 3.749610 29.517327 
35.754662 1.959597 21.607217 41.726938 3.344934 29.507872 
35.808912 1.719083 21.605653 41.825770 2.935672 29.500270 
35.855921 1.476847 21.604464 41.911317 2.522665 29.494085 
35.895639 1.233019 21.603562 41.983480 2.106425 29.489187 
35.927910 0.987804 21.602963 42.042391 1.687444 29.485308 
35.952924 0.741577 21.602659 42.087847 1.266603 29.482683 
35.970519 0.495016 21.602681 42.119745 0.845323 29.481258 
35.980831 0.247113 21.602857 42.138261 0.422397 29.480869 
35.983707 -0.001162 21.603377 42.143234 -0.002279 29.481698 
35.979335 -0.248586 21.604080 42.134761 -0.424656 29.483635 
35.967516 -0.495126 21.604938 42.113347 -0.846391 29.486122 
35.948417 -0.740664 21.606286 42.077434 -1.265870 29.490886 
35.922028 -0.985214 21.607743 42.029052 -1.683338 29.495992 
35.888228 -1.228750 21.609658 41.966969 -2.098767 29.502666 
35.846950 -1.471427 21.611915 41.891112 -2.512457 29.510774 
35.798277 -1.711995 21.614840 41.801632 -2.922044 29.520726 
35.742442 -1.948813 21.618204 41.699016 -3.324572 29.532359 
35.679766 -2.181967 21.622295 41.583901 -3.719822 29.545894 
35.610069 -2.411305 21.627180 41.454416 -4.107875 29.562696 
35.533374 -2.636662 21.632969 41.313305 -4.488553 29.580923 
35.449641 -2.857823 21.639746 41.159146 -4.861222 29.601841 
35.358785 -3.075370 21.647718 40.990905 -5.225971 29.626509 
35.260615 -3.288670 21.657093 40.810208 -5.583058 29.653638 
35.155601 -3.496373 21.667998 40.615099 -5.928207 29.685906 
35.044239 -3.697949 21.680343 40.409609 -6.262511 29.720403 
34.926317 -3.892898 21.694541 40.190284 -6.583307 29.760460 
34.802018 -4.081079 21.710592 39.958961 -6.891031 29.804827 
34.671339 -4.262073 21.728871 39.717088 -7.184251 29.853392 
34.533935 -4.435584 21.749551 39.460186 -7.462611 29.908950 
34.390758 -4.600609 21.772632 39.192078 -7.724674 29.969834 
34.242923 -4.755781 21.798022 38.914607 -7.967927 30.035986 
34.090487 -4.901113 21.825801 38.627441 -8.191963 30.107882 
33.933194 -5.036384 21.856202 38.332507 -8.397390 30.184241 
33.771152 -5.161816 21.889311 38.026807 -8.582687 30.267490 
33.604033 -5.277044 21.925165 37.709600 -8.746635 30.358036 
33.432092 -5.381135 21.964089 37.383981 -8.889287 30.454238 
33.257244 -5.473410 22.005507 37.051962 -9.008183 30.556111 
33.080219 -5.553356 22.049158 36.714652 -9.103770 30.662699 
32.900901 -5.621347 22.094878 36.371049 -9.175447 30.774422 
32.719369 -5.677144 22.142710 36.022076 -9.222235 30.891012 
32.535983 -5.720297 22.192567 35.668783 -9.244230 31.011670 
32.350645 -5.750758 22.244120 35.311116 -9.241489 31.135558 
32.159181 -5.771129 22.298487 34.940411 -9.217402 31.265559 
31.766596 -5.808139 22.398922 34.187551 -9.153202 31.509106 
31.357043 -5.840266 22.487266 33.418621 -9.065666 31.727760 
30.917343 -5.868436 22.566731 32.613376 -8.952265 31.929195 
30.455837 -5.890819 22.634094 31.794986 -8.812086 32.105824 
29.972020 -5.907079 22.688585 30.969511 -8.643476 32.257083 
29.465625 -5.917096 22.730077 30.148221 -8.447821 32.382196 
28.946916 -5.921135 22.758478 29.359634 -8.234313 32.480106 
28.409093 -5.918729 22.774820 28.609442 -8.008826 32.552480 
28.126126 -5.915376 22.779635 28.244414 -7.897986 32.580572 
27.843986 -5.910876 22.782974 27.896111 -7.790126 32.604848 
27.563972 -5.904919 22.784948 27.568502 -7.692938 32.623909 
27.281791 -5.897954 22.785752 27.254952 -7.607274 32.638620 
26.997934 -5.889710 22.786146 26.952797 -7.533919 32.649987 
26.717114 -5.880538 22.786173 26.665266 -7.479786 32.657345 
26.434461 -5.870245 22.786399 26.380639 -7.444044 32.661635 
26.288249 -5.864596 22.786499 26.234127 -7.438041 32.661791 
26.144339 -5.858718 22.786600 26.087305 -7.409623 32.665444 
26.000664 -5.852683 22.786703 25.943610 -7.425258 32.662110 
25.852096 -5.846170 22.786791 25.782843 -7.432111 32.660054 
25.561374 -5.832343 22.788544 25.654262 -7.460134 32.655376 
25.010711 -5.809785 22.803642 25.355632 -7.504213 32.653941 
24.465564 -5.793232 22.832671 25.055885 -7.548390 32.660486 
23.922361 -5.782330 22.873958 24.745801 -7.589264 32.675515 
23.387816 -5.776942 22.925922 24.430151 -7.629096 32.698077 
22.859596 -5.776864 22.988047 24.108180 -7.668212 32.728400 
22.336729 -5.781848 23.059419 23.779738 -7.707129 32.766138 
21.818595 -5.791975 23.139518 23.443766 -7.746409 32.811505 
21.304768 -5.806999 23.227577 23.101772 -7.786467 32.863957 
20.795334 -5.826690 23.323079 22.753270 -7.825429 32.924018 
20.289596 -5.851124 23.425331 22.398915 -7.868669 32.990166 
19.787177 -5.880033 23.534013 22.038637 -7.912486 33.063187 
19.287762 -5.913351 23.648541 21.672432 -7.957835 33.142639 
18.791173 -5.950938 23.768736 21.300281 -8.004895 33.228629 
18.297553 -5.992863 23.893757 20.923332 -8.053999 33.320341 
17.806672 -6.038946 24.023514 20.541707 -8.105270 33.417818 
17.318093 -6.089335 24.157613 20.155267 -8.158841 33.520851 
16.832882 -6.143345 24.295354 19.765183 -8.214387 33.628885 
16.342721 -6.202534 24.438917 19.364606 -8.273591 33.743789 
15.847798 -6.265749 24.587407 18.954885 -8.335849 33.864490 
14.893955 -6.400060 24.884270 18.149517 -8.463920 34.111835 
13.950734 -6.550095 25.191217 17.331521 -8.602737 34.376019 
13.000531 -6.716618 25.510134 16.489200 -8.754137 34.657839 
12.058346 -6.897206 25.834816 15.636118 -8.916421 34.952063 
11.119496 -7.092369 26.164555 14.769138 -9.090286 35.257944 
10.183370 -7.301836 26.497797 13.889741 -9.276098 35.573364 
9.250313 -7.525687 26.833079 12.998625 -9.474735 35.896845 
8.321466 -7.762966 27.168128 12.097446 -9.684585 36.226256 
7.396866 -8.013701 27.501585 11.187105 -9.906547 36.559810 
6.475673 -8.277824 27.832498 10.267783 -10.142169 36.895852 
5.556881 -8.555417 28.159503 9.337564 -10.387715 37.234166 
4.640164 -8.846619 28.481851 8.397740 -10.647831 37.572330 
3.726505 -9.150887 28.797783 7.449474 -10.919712 37.908850 
2.816025 -9.468307 29.106097 6.493840 -11.206859 38.241314 
1.908821 -9.798604 29.405807 5.529858 -11.504963 38.569751 
1.004860 -10.141795 29.696073 4.558949 -11.818319 38.891700 
0.103992 -10.497860 29.975533 3.579344 -12.142286 39.207006 
-0.792116 -10.866275 30.243142 2.595597 -12.481148 39.512357 
-1.683775 -11.247018 30.498183 1.605904 -12.833362 39.807574 
-2.571903 -11.640293 30.739965 0.611533 -13.199412 40.090819 
-3.457036 -12.046970 30.968275 -0.384276 -13.577782 40.360747 
-4.340326 -12.467456 31.183597 -1.380152 -13.967509 40.617107 
-5.221735 -12.903018 31.385898 -2.376557 -14.371550 40.859672 
-6.096582 -13.352080 31.573936 -3.368200 -14.788323 41.086938 
-6.963237 -13.813816 31.747818 -4.352394 -15.218688 41.298415 
-7.821450 -14.287943 31.907797 -5.329601 -15.660994 41.494747 
-8.671541 -14.774833 32.054331 -6.300879 -16.114677 41.676650 
-9.514385 -15.274625 32.187463 -7.265218 -16.582899 41.843235 
-10.350207 -15.788168 32.307976 -8.224120 -17.064575 41.995849 
-11.178624 -16.314974 32.415750 -9.176924 -17.559530 42.134219 
-11.998574 -16.854372 32.510892 -10.122375 -18.067476 42.258336 
-12.809792 -17.406429 32.593909 -11.060043 -18.588040 42.368704 
-13.611652 -17.970870 32.664720 -11.989143 -19.121305 42.465151 
-14.406617 -18.549324 32.724097 -12.912129 -19.668527 42.548477 
-15.181198 -19.131400 32.771483 -13.816893 -20.219862 42.618228 
-15.952419 -19.732364 32.807368 -14.706688 -20.786257 42.673542 
-16.336412 -20.038520 32.821057 -15.195289 -21.098312 42.699038 
-16.720453 -20.350311 32.834307 -15.544336 -21.328665 42.717172 
-16.822679 -20.433306 32.832880 -15.809362 -21.550472 42.718685 
-16.923387 -20.515813 32.834448 -15.922786 -21.639889 42.720527 
-17.115306 -20.673559 32.835095 -16.177323 -21.853026 42.721094 
-17.480957 -20.977525 32.830497 -16.640023 -22.279090 42.710096 
-17.843497 -21.283269 32.816873 -17.091637 -22.744412 42.681434 
-18.204956 -21.592127 32.794127 -17.538405 -23.248780 42.634059 
-18.558144 -21.898716 32.761317 -17.979422 -23.777813 42.566946 
-18.905926 -22.198832 32.718854 -18.419275 -24.325531 42.478969 
-19.252807 -22.491720 32.666415 -18.870421 -24.880267 42.370517 
-19.591753 -22.773586 32.604502 -19.322864 -25.432768 42.242146 
-19.931172 -23.046164 32.531286 -19.789544 -25.985306 42.089238 
-20.114432 -23.174873 32.492188 -20.048660 -26.247978 42.008313 
-20.299187 -23.295545 32.452912 -20.313234 -26.498929 41.926265 
-20.486232 -23.406124 32.413585 -20.585420 -26.728535 41.845309 
-20.678031 -23.509428 32.373532 -20.867912 -26.945402 41.763087 
-20.874362 -23.604909 32.333059 -21.160136 -27.148586 41.680053 
-21.074579 -23.692500 32.292033 -21.460879 -27.337247 41.596445 
-21.277727 -23.771913 32.250830 -21.768858 -27.511612 41.512515 
-21.483796 -23.843195 32.209400 -22.083775 -27.669983 41.428998 
-21.692651 -23.906628 32.167901 -22.405156 -27.814958 41.345185 
-21.904424 -23.962096 32.126209 -22.732881 -27.945338 41.261449 
-22.118967 -24.009928 32.084179 -23.066509 -28.061938 41.177502 
-22.336419 -24.049912 32.041956 -23.406301 -28.164095 41.093699 
-22.556553 -24.082133 31.999691 -23.752033 -28.255078 41.008718 
-22.779249 -24.106368 31.957082 -24.102932 -28.328895 40.924984 
-23.003148 -24.122933 31.914469 -24.457035 -28.389237 40.841393 
-23.227692 -24.131249 31.872062 -24.813215 -28.434754 40.758626 
-23.452741 -24.131982 31.829877 -25.171163 -28.466512 40.676566 
-23.678184 -24.124849 31.787740 -25.530225 -28.484100 40.595231 
-23.904030 -24.110069 31.745880 -25.891049 -28.488684 40.514265 
-24.130228 -24.087420 31.703920 -26.253541 -28.480386 40.433088 
-24.356091 -24.057332 31.662475 -26.614954 -28.454500 40.355428 
-24.581557 -24.019616 31.621022 -26.977504 -28.420283 40.275422 
-24.807467 -23.974111 31.579734 -27.339982 -28.369151 40.198026 
-25.033133 -23.920907 31.538631 -27.702171 -28.304387 40.121544 
-25.257054 -23.860418 31.498057 -28.062767 -28.228646 40.045078 
-25.478979 -23.792576 31.457818 -28.419782 -28.139041 39.970450 
-25.698819 -23.717676 31.418209 -28.773933 -28.036904 39.897176 
-25.916659 -23.635568 31.379231 -29.123899 -27.922164 39.825746 
-26.132095 -23.546329 31.340723 -29.470895 -27.795307 39.755204 
-26.345357 -23.450028 31.302658 -29.813290 -27.655344 39.686789 
-26.556676 -23.346292 31.265425 -30.153100 -27.503333 39.619448 
-26.766067 -23.235260 31.228461 -30.489405 -27.338217 39.553572 
-26.971759 -23.117328 31.192599 -30.819846 -27.161825 39.489537 
-27.173578 -22.992892 31.157578 -31.143113 -26.973793 39.428011 
-27.371436 -22.862206 31.123557 -31.458923 -26.774795 39.369093 
-27.565153 -22.724972 31.090658 -31.767910 -26.564698 39.312465 
-27.754688 -22.581385 31.058855 -32.069564 -26.343300 39.258526 
-27.939391 -22.431616 31.028232 -32.363159 -26.111718 39.206977 
-28.119584 -22.275934 30.998918 -32.648724 -25.870039 39.158207 
-28.295173 -22.113603 30.970921 -32.926155 -25.618055 39.112022 
-28.465803 -21.945244 30.944289 -33.194332 -25.354564 39.069693 
-28.630375 -21.771379 30.919412 -33.451877 -25.083194 39.030491 
-28.789249 -21.592403 30.896082 -33.700783 -24.803933 38.993456 
-28.941660 -21.408352 30.874563 -33.935797 -24.513540 38.962884 
-29.087802 -21.219324 30.854964 -34.160746 -24.216147 38.935110 
-29.227539 -21.025294 30.837250 -34.374737 -23.911323 38.910764 
-29.360599 -20.826462 30.821533 -34.576530 -23.598641 38.890829 
-29.486909 -20.622447 30.807900 -34.765985 -23.277060 38.875666 
-29.606187 -20.413664 30.796643 -34.942960 -22.947841 38.865178 
-29.717604 -20.201768 30.787506 -35.105769 -22.613817 38.859311 
-29.820836 -19.987220 30.780789 -35.253873 -22.276151 38.858360 
-29.915770 -19.770276 30.776606 -35.387585 -21.935133 38.862204 
-30.002521 -19.550537 30.774790 -35.506214 -21.589584 38.871445 
-30.080821 -19.328863 30.775458 -35.610204 -21.241818 38.885385 
-30.151668 -19.101337 30.778863 -35.700189 -20.885147 38.905080 
-30.215802 -18.869157 30.784701 -35.776121 -20.521918 38.930860 
-30.316350 -18.413811 30.802378 -35.886265 -19.814163 38.989778 
-30.404631 -17.953581 30.813779 -35.981573 -19.107127 39.034547 
-30.482393 -17.487507 30.819844 -36.068513 -18.402093 39.064624 
-30.547740 -17.017208 30.819979 -36.149232 -17.688307 39.076884 
-30.577355 -16.765504 30.817479 -36.186114 -17.345653 39.076860 
-30.608474 -16.504325 30.815848 -36.246176 -16.727429 39.074065 
-30.689641 -15.530492 30.795089 -36.328560 -15.860297 39.046722 
-30.757051 -14.563195 30.784928 -36.394030 -14.846552 39.039982 
-30.882309 -12.635779 30.762976 -36.516875 -12.886792 39.020622 
-30.987729 -10.724469 30.744294 -36.620080 -10.936529 39.004565 
-31.078472 -8.783907 30.728069 -36.708963 -8.958594 38.990478 
-31.151803 -6.848207 30.714497 -36.780865 -6.986070 38.978577 
-31.208293 -4.911455 30.704150 -36.836476 -5.012800 38.969355 
-31.248029 -2.974750 30.696606 -36.875715 -3.039856 38.962514 
-31.270730 -1.037918 30.692213 -36.898382 -1.067037 38.958349 
-31.276389 0.899004 30.690916 -36.904471 0.905616 38.956808 
-31.265334 2.835927 30.692689 -36.894319 2.878444 38.957859 
-31.237207 4.772759 30.697748 -36.867557 4.851413 38.961725 
-31.192218 6.709436 30.705622 -36.824391 6.824467 38.967930 
-31.130279 8.646061 30.716519 -36.764742 8.797759 38.976672 
-31.051717 10.580421 30.730462 -36.688955 10.768978 38.987972 
-30.955410 12.522794 30.747112 -36.595663 12.751182 39.001514 
-30.846169 14.414219 30.766074 -36.490592 14.670085 39.017030 
-30.715752 16.327435 30.787056 -36.359887 16.674712 39.034182 
-30.679224 16.852566 30.796023 -36.334094 17.075528 39.042390 
-30.653375 17.107708 30.790888 -36.287075 17.740129 39.029851 
-30.630458 17.354231 30.788518 -36.266316 18.063254 39.018695 
-30.565722 17.949411 30.773141 -36.207867 18.975886 38.968117 
-30.519200 18.288700 30.754500 -36.174421 19.495288 38.913092 
];
