初始点坐标: [1.000000 0.000000 0.000000]

初始向量: [0.577350 0.577350 0.577350]

样条阶数：  3

节点向量
 U = [0.000000, 0.000000, 0.000000, 0.000000, 0.007817, 0.012165, 0.016364, 0.020405, 0.023698, 0.027350, ...
0.030858, 0.034685, 0.037896, 0.041467, 0.044973, 0.048490, 0.051609, 0.054838, 0.059180, 0.064752, ...
0.071202, 0.078087, 0.084104, 0.088480, 0.091351, 0.093873, 0.097513, 0.102651, 0.107614, 0.111538, ...
0.113750, 0.115725, 0.117504, 0.119441, 0.121426, 0.123467, 0.125813, 0.128778, 0.132330, 0.135874, ...
0.140594, 0.146485, 0.153544, 0.160588, 0.167622, 0.174651, 0.182887, 0.191189, 0.200834, 0.210712, ...
0.222076, 0.232416, 0.240324, 0.245706, 0.249812, 0.253556, 0.256932, 0.259928, 0.265005, 0.270126, ...
0.277426, 0.286049, 0.295905, 0.304911, 0.310715, 0.315455, 0.319089, 0.322258, 0.325606, 0.329123, ...
0.333317, 0.336824, 0.339926, 0.342334, 0.344755, 0.347611, 0.351197, 0.355505, 0.360525, 0.366894, ...
0.373804, 0.380446, 0.386072, 0.391411, 0.395962, 0.399793, 0.402966, 0.406072, 0.410116, 0.415093, ...
0.421013, 0.426906, 0.432832, 0.438849, 0.444486, 0.449771, 0.454716, 0.459263, 0.464028, 0.468366, ...
0.472858, 0.477576, 0.483190, 0.488207, 0.492216, 0.496237, 0.500624, 0.505043, 0.508369, 0.511670, ...
0.514916, 0.517784, 0.520982, 0.525171, 0.529306, 0.532974, 0.535069, 0.536979, 0.538833, 0.541456, ...
0.544815, 0.549663, 0.555574, 0.562509, 0.570331, 0.579010, 0.587505, 0.593749, 0.597837, 0.600865, ...
0.604277, 0.608065, 0.612216, 0.617649, 0.624329, 0.632222, 0.639965, 0.647570, 0.656260, 0.665998, ...
0.675598, 0.683893, 0.689786, 0.695679, 0.701567, 0.709808, 0.718053, 0.725127, 0.729850, 0.733398, ...
0.736590, 0.739483, 0.741754, 0.743549, 0.744950, 0.746485, 0.748389, 0.750561, 0.753666, 0.756911, ...
0.760277, 0.762908, 0.765298, 0.768011, 0.770995, 0.774501, 0.777927, 0.781318, 0.785306, 0.789365, ...
0.793525, 0.797220, 0.801031, 0.806363, 0.811851, 0.817488, 0.821870, 0.826344, 0.830895, 0.835503, ...
0.840154, 0.844835, 0.849526, 0.854207, 0.858860, 0.863468, 0.868003, 0.872441, 0.876067, 0.878905, ...
0.881261, 0.884785, 0.888542, 0.891994, 0.894515, 0.897333, 0.900710, 0.904859, 0.909503, 0.914650, ...
0.919798, 0.924946, 0.931812, 0.940395, 0.950695, 0.959278, 0.966145, 0.971294, 0.976442, 0.981587, ...
0.985890, 0.989515, 0.992068, 0.994669, 1.000000, 1.000000, 1.000000, 1.000000, ];

控制对偶四元数
 CQ = [ ... 
0.780987 0.251374 -0.509924 0.258549 -4.705198 2.061420 -14.908179 -17.194096 
0.783522 0.243427 -0.507273 0.263845 -4.546342 2.036908 -14.997221 -17.211077 
0.788032 0.231050 -0.502260 0.271210 -4.298092 2.009260 -15.126078 -17.234031 
0.796035 0.214565 -0.492879 0.278314 -3.973151 2.019567 -15.280579 -17.253436 
0.802952 0.202154 -0.484524 0.282371 -3.729709 2.043095 -15.388371 -17.261580 
0.810156 0.191219 -0.475662 0.284444 -3.518551 2.088504 -15.475885 -17.261845 
0.817656 0.181278 -0.466286 0.285008 -3.329340 2.147590 -15.549952 -17.254763 
0.825396 0.172268 -0.456467 0.284199 -3.160153 2.218510 -15.611303 -17.240916 
0.834161 0.163576 -0.445202 0.281627 -3.001013 2.312261 -15.664444 -17.217095 
0.843038 0.156073 -0.433598 0.277525 -2.867014 2.415628 -15.703480 -17.184391 
0.852368 0.149664 -0.421221 0.271557 -2.758165 2.537262 -15.729747 -17.140342 
0.861571 0.144608 -0.408788 0.264180 -2.677450 2.664054 -15.742494 -17.086699 
0.870912 0.141105 -0.395947 0.254842 -2.631757 2.805255 -15.742205 -17.018861 
0.879484 0.138950 -0.383839 0.244889 -2.610357 2.938930 -15.728084 -16.945989 
0.887231 0.138484 -0.372679 0.234194 -2.624673 3.069681 -15.705694 -16.865636 
0.894991 0.139085 -0.361172 0.222087 -2.660231 3.205433 -15.670778 -16.773312 
0.903290 0.141829 -0.348489 0.206661 -2.745016 3.359854 -15.619973 -16.650780 
0.911893 0.147634 -0.334601 0.186967 -2.895230 3.532672 -15.542145 -16.488323 
0.919354 0.157152 -0.321531 0.164378 -3.121418 3.696274 -15.442666 -16.290504 
0.924395 0.169901 -0.311263 0.141363 -3.408196 3.823856 -15.331352 -16.074574 
0.926885 0.182676 -0.304676 0.122000 -3.686257 3.901631 -15.231005 -15.881071 
0.927508 0.194405 -0.301028 0.106624 -3.935021 3.938756 -15.146691 -15.716863 
0.927470 0.201957 -0.299328 0.097371 -4.093432 3.952737 -15.094823 -15.614458 
0.926566 0.215068 -0.297576 0.082508 -4.365034 3.959368 -15.009098 -15.442511 
0.925101 0.229031 -0.295750 0.066719 -4.643113 3.946148 -14.904237 -15.250949 
0.922783 0.246081 -0.293196 0.047115 -4.960413 3.897751 -14.744995 -15.003183 
0.920081 0.261317 -0.290609 0.029292 -5.207337 3.800378 -14.553263 -14.766108 
0.918395 0.271418 -0.287534 0.016115 -5.332818 3.700135 -14.357014 -14.596186 
0.917775 0.276760 -0.284705 0.007945 -5.372859 3.626336 -14.199130 -14.498348 
0.917808 0.280287 -0.281196 0.000909 -5.384839 3.583495 -14.050509 -14.425806 
0.918043 0.280991 -0.279743 -0.001248 -5.357138 3.536810 -13.963967 -14.405575 
0.918567 0.284130 -0.274666 -0.009464 -5.413994 3.613728 -13.874010 -14.337824 
0.919135 0.281246 -0.275802 -0.005444 -5.250642 3.413209 -13.734486 -14.375522 
0.920272 0.281324 -0.271794 -0.009530 -5.219199 3.424046 -13.624500 -14.354755 
0.920702 0.280348 -0.271352 -0.008996 -5.144648 3.334931 -13.535137 -14.361411 
0.923178 0.278031 -0.265143 -0.012888 -4.927194 3.128227 -13.182397 -14.346909 
0.925023 0.275908 -0.260743 -0.015165 -4.745118 2.930582 -12.901815 -14.333755 
0.927447 0.273232 -0.254689 -0.018543 -4.515797 2.674424 -12.538471 -14.308014 
0.930200 0.269984 -0.247739 -0.022245 -4.252885 2.359479 -12.123271 -14.269197 
0.933565 0.265881 -0.238934 -0.026947 -3.932072 1.943359 -11.610894 -14.203221 
0.937209 0.261136 -0.229080 -0.032056 -3.584510 1.448231 -11.053681 -14.106648 
0.940873 0.256055 -0.218772 -0.037283 -3.232944 0.895062 -10.488139 -13.977623 
0.944355 0.250918 -0.208549 -0.042369 -2.898435 0.316876 -9.949171 -13.821899 
0.947814 0.245464 -0.198008 -0.047456 -2.561911 -0.320256 -9.409996 -13.629013 
0.951215 0.239844 -0.186890 -0.052954 -2.228164 -1.019837 -8.873479 -13.390608 
0.954447 0.234013 -0.175918 -0.058095 -1.875984 -1.841876 -8.326465 -13.084055 
0.957163 0.228352 -0.167340 -0.061011 -1.511871 -2.768809 -7.807526 -12.719234 
0.959351 0.223167 -0.161349 -0.061818 -1.118421 -3.855143 -7.300481 -12.264166 
0.960642 0.219441 -0.159425 -0.060016 -0.723863 -5.017178 -6.857038 -11.746680 
0.960871 0.217718 -0.161953 -0.055765 -0.352380 -6.151685 -6.504503 -11.209257 
0.960286 0.217819 -0.166804 -0.051015 -0.054735 -7.073601 -6.265416 -10.747364 
0.959382 0.218617 -0.172191 -0.046426 0.173263 -7.773355 -6.104595 -10.382116 
0.958477 0.219600 -0.176892 -0.042708 0.341253 -8.285727 -5.996359 -10.106914 
0.957254 0.221080 -0.182511 -0.038569 0.512278 -8.800319 -5.897609 -9.820600 
0.956583 0.221810 -0.185590 -0.036220 0.599422 -9.058340 -5.848176 -9.675272 
0.955550 0.223090 -0.189914 -0.033176 0.714488 -9.398014 -5.788440 -9.479223 
0.954243 0.224684 -0.195163 -0.029521 0.845003 -9.777850 -5.724484 -9.255450 
0.952154 0.227243 -0.203017 -0.024226 1.025536 -10.292982 -5.643087 -8.942151 
0.949157 0.230855 -0.213539 -0.017315 1.248580 -10.912880 -5.551961 -8.550758 
0.944509 0.236287 -0.228387 -0.007900 1.535942 -11.678646 -5.448559 -8.038870 
0.938249 0.243243 -0.246466 0.003223 1.859219 -12.495983 -5.347252 -7.454803 
0.930958 0.250932 -0.265169 0.014238 2.171479 -13.232344 -5.264141 -6.880565 
0.924239 0.257668 -0.281011 0.023343 2.429442 -13.811301 -5.203495 -6.402288 
0.918420 0.263229 -0.293820 0.030592 2.630709 -14.237678 -5.158330 -6.024503 
0.913887 0.267621 -0.303320 0.035699 2.785899 -14.566908 -5.132653 -5.734741 
0.907540 0.273092 -0.316177 0.043085 2.969679 -14.907989 -5.084652 -5.379864 
0.907003 0.274597 -0.316505 0.041909 3.025053 -15.086584 -5.121434 -5.294910 
0.906961 0.273134 -0.317567 0.044433 3.097766 -15.346026 -5.078956 -5.192454 
0.908218 0.268752 -0.317192 0.048440 3.146904 -15.588388 -4.985506 -5.140545 
0.911684 0.260438 -0.313370 0.052933 3.159903 -15.842297 -4.846532 -5.166485 
0.914277 0.254640 -0.310225 0.055586 3.157970 -15.992876 -4.755580 -5.201837 
0.920958 0.241633 -0.300142 0.058509 3.106415 -16.247188 -4.594685 -5.356121 
0.924567 0.235091 -0.294045 0.058954 3.066407 -16.353845 -4.528056 -5.456091 
0.929736 0.225885 -0.284908 0.059023 3.003442 -16.495335 -4.441463 -5.607790 
0.935776 0.215611 -0.273189 0.057578 2.915611 -16.633627 -4.366888 -5.804482 
0.943122 0.203236 -0.257745 0.054509 2.793319 -16.778130 -4.295523 -6.065467 
0.951562 0.189050 -0.238035 0.048985 2.630243 -16.919438 -4.244235 -6.394419 
0.960595 0.173367 -0.214279 0.040912 2.426645 -17.045046 -4.214508 -6.786707 
0.969254 0.156970 -0.187943 0.030973 2.190384 -17.137737 -4.212351 -7.210724 
0.975782 0.145683 -0.163130 0.017447 1.994684 -17.213053 -4.260977 -7.602383 
0.980232 0.139480 -0.141130 0.001650 1.845874 -17.272173 -4.348861 -7.945469 
0.982771 0.137943 -0.122874 -0.015068 1.746852 -17.316366 -4.465154 -8.227408 
0.983820 0.139862 -0.108034 -0.031828 1.688003 -17.346121 -4.597687 -8.455747 
0.983826 0.143726 -0.096471 -0.047255 1.658792 -17.364197 -4.727312 -8.633894 
0.983117 0.148851 -0.087413 -0.061438 1.651586 -17.376467 -4.850847 -8.772780 
0.981743 0.155578 -0.079074 -0.076505 1.659673 -17.382860 -4.987338 -8.900366 
0.979263 0.165251 -0.070406 -0.094845 1.687705 -17.381081 -5.156950 -9.033623 
0.974855 0.179726 -0.062073 -0.117652 1.754476 -17.367176 -5.373753 -9.160415 
0.968141 0.198765 -0.055455 -0.143310 1.865400 -17.330214 -5.619149 -9.261933 
0.959247 0.221204 -0.051992 -0.169212 2.020965 -17.268173 -5.871249 -9.313749 
0.948778 0.245267 -0.051909 -0.193358 2.210038 -17.184977 -6.099097 -9.316545 
0.937376 0.269638 -0.055303 -0.214334 2.424029 -17.085808 -6.293134 -9.268328 
0.925736 0.293179 -0.061784 -0.231395 2.652660 -16.978269 -6.440669 -9.178259 
0.914857 0.314410 -0.070626 -0.243784 2.880996 -16.875026 -6.536540 -9.057149 
0.904935 0.333330 -0.081171 -0.252159 3.104465 -16.778197 -6.586107 -8.916505 
0.895921 0.350302 -0.093229 -0.257073 3.325597 -16.689398 -6.596014 -8.758353 
0.887998 0.365154 -0.106397 -0.258757 3.539874 -16.610058 -6.566801 -8.589913 
0.880992 0.378315 -0.120985 -0.257330 3.755085 -16.541485 -6.500650 -8.404884 
0.874870 0.389776 -0.136252 -0.253524 3.962928 -16.478873 -6.405712 -8.215082 
0.869301 0.400251 -0.154400 -0.245851 4.189751 -16.422634 -6.254245 -7.991930 
0.864862 0.408523 -0.173097 -0.235426 4.405844 -16.375480 -6.068569 -7.764955 
0.861691 0.414064 -0.192883 -0.221181 4.614796 -16.338949 -5.827596 -7.525881 
0.860103 0.416668 -0.206988 -0.209680 4.754305 -16.318991 -5.640451 -7.355877 
0.857254 0.419956 -0.232476 -0.187479 4.997534 -16.268527 -5.269040 -7.049895 
0.855067 0.420680 -0.253194 -0.167486 5.179980 -16.202746 -4.920435 -6.807299 
0.853175 0.419727 -0.273600 -0.146127 5.344785 -16.114061 -4.536806 -6.576861 
0.852060 0.416984 -0.290174 -0.126810 5.460534 -16.013280 -4.176737 -6.401229 
0.851613 0.413072 -0.303920 -0.109152 5.538943 -15.900948 -3.836767 -6.268976 
0.851841 0.408267 -0.314782 -0.093485 5.580989 -15.779556 -3.523652 -6.180597 
0.853053 0.401435 -0.324514 -0.076920 5.581618 -15.605804 -3.176397 -6.133217 
0.854237 0.397046 -0.328578 -0.068468 5.555529 -15.485887 -2.989587 -6.136637 
0.856177 0.391117 -0.332607 -0.058510 5.490062 -15.292122 -2.760537 -6.174512 
0.858306 0.386313 -0.333599 -0.052714 5.395722 -15.096411 -2.610732 -6.252692 
0.859047 0.384855 -0.333625 -0.051230 5.288436 -14.873298 -2.565739 -6.341569 
0.859515 0.383889 -0.333678 -0.050211 5.243156 -14.779450 -2.537883 -6.379412 
0.859156 0.384559 -0.333741 -0.050818 5.204643 -14.690548 -2.553225 -6.408501 
0.858472 0.385564 -0.334276 -0.051288 5.172807 -14.602155 -2.571850 -6.428752 
0.861025 0.385501 -0.326519 -0.058982 5.008086 -14.453386 -2.665372 -6.604115 
0.863666 0.386140 -0.316584 -0.069556 4.745227 -14.143929 -2.798733 -6.866788 
0.867230 0.386038 -0.303738 -0.082299 4.426239 -13.789311 -2.940926 -7.190384 
0.871270 0.385289 -0.288517 -0.096772 4.028154 -13.321260 -3.081441 -7.590492 
0.875585 0.383624 -0.271759 -0.111865 3.582119 -12.784701 -3.199152 -8.039649 
0.879934 0.381000 -0.254360 -0.126640 3.096289 -12.172623 -3.277307 -8.531232 
0.883987 0.377664 -0.237659 -0.140006 2.604425 -11.523915 -3.305555 -9.035096 
0.887249 0.374312 -0.223939 -0.150373 2.169929 -10.920530 -3.286457 -9.488897 
0.889600 0.371514 -0.214121 -0.157393 1.836672 -10.437383 -3.242218 -9.845777 
0.891113 0.369567 -0.207831 -0.161736 1.611328 -10.100932 -3.199665 -10.091661 
0.892273 0.367994 -0.203070 -0.164924 1.432543 -9.827646 -3.157763 -10.290113 
0.893192 0.366709 -0.199293 -0.167417 1.285888 -9.600152 -3.119638 -10.454632 
0.894935 0.364148 -0.192356 -0.171792 1.000297 -9.145165 -3.029678 -10.782431 
0.896513 0.361682 -0.186373 -0.175310 0.727701 -8.693106 -2.922475 -11.106862 
0.898337 0.358714 -0.179887 -0.178827 0.396887 -8.122819 -2.767630 -11.516051 
0.900235 0.355494 -0.174052 -0.181442 0.026908 -7.445107 -2.551751 -12.004301 
0.902024 0.352400 -0.169799 -0.182600 -0.353404 -6.696999 -2.277462 -12.549191 
0.903502 0.349848 -0.167998 -0.181850 -0.705177 -5.938869 -1.961487 -13.111811 
0.904641 0.347921 -0.168648 -0.179273 -1.025407 -5.173264 -1.607937 -13.693626 
0.905407 0.346657 -0.172205 -0.174452 -1.319053 -4.366094 -1.197792 -14.325750 
0.905481 0.346490 -0.179226 -0.167264 -1.572403 -3.525551 -0.733153 -15.009351 
0.904769 0.347341 -0.189603 -0.157737 -1.744787 -2.728264 -0.252753 -15.688569 
0.903276 0.349067 -0.200848 -0.148220 -1.837220 -2.067417 0.168411 -16.275884 
0.902042 0.350101 -0.210459 -0.139642 -1.884731 -1.511900 0.544432 -16.771891 
0.900823 0.350963 -0.219075 -0.131888 -1.905391 -1.028316 0.885953 -17.207179 
0.899311 0.351860 -0.228845 -0.123014 -1.906725 -0.487314 1.283519 -17.696983 
0.897443 0.352710 -0.239936 -0.112775 -1.873664 0.107133 1.740327 -18.239912 
0.895238 0.353486 -0.251593 -0.101893 -1.802828 0.727912 2.240004 -18.809334 
0.893108 0.354116 -0.261642 -0.092474 -1.709839 1.240374 2.668012 -19.285784 
0.891499 0.354346 -0.269140 -0.085206 -1.622179 1.641570 3.013814 -19.653279 
0.889980 0.354842 -0.275091 -0.079751 -1.543944 1.912692 3.249262 -19.915116 
0.889460 0.354049 -0.279149 -0.074900 -1.475200 2.217813 3.525166 -20.167352 
0.886865 0.356595 -0.284906 -0.071689 -1.410473 2.276271 3.567088 -20.298958 
0.889954 0.351718 -0.281844 -0.069875 -1.397199 2.557269 3.840149 -20.412120 
0.884790 0.358759 -0.289139 -0.069620 -1.383429 2.410242 3.685043 -20.465879 
0.884226 0.359421 -0.290088 -0.069333 -1.384000 2.453124 3.724111 -20.514957 
0.882009 0.362416 -0.293141 -0.069275 -1.391160 2.469706 3.734443 -20.595018 
0.878320 0.367747 -0.297278 -0.070469 -1.438394 2.509184 3.768118 -20.732649 
0.873522 0.375065 -0.301544 -0.073520 -1.534410 2.525017 3.785177 -20.880585 
0.867024 0.385170 -0.306215 -0.078955 -1.695440 2.514388 3.787356 -21.050859 
0.858991 0.397456 -0.311190 -0.086265 -1.906490 2.461450 3.761720 -21.223391 
0.850420 0.409956 -0.316288 -0.093668 -2.122367 2.383108 3.711994 -21.380202 
0.842456 0.421090 -0.320967 -0.100124 -2.311835 2.297329 3.653798 -21.508928 
0.833419 0.433164 -0.326186 -0.106978 -2.515202 2.189810 3.577023 -21.638077 
0.828081 0.439819 -0.329790 -0.110030 -2.614385 2.132174 3.522938 -21.713609 
0.820279 0.449188 -0.335424 -0.113765 -2.744337 2.051068 3.435455 -21.822310 
0.812166 0.458158 -0.342198 -0.115960 -2.844189 1.977769 3.329897 -21.935858 
0.803319 0.467285 -0.350311 -0.116974 -2.925382 1.906985 3.200054 -22.059006 
0.794160 0.475928 -0.359689 -0.116239 -2.972798 1.846148 3.048287 -22.187742 
0.784643 0.484079 -0.370376 -0.113703 -2.987089 1.796989 2.872080 -22.322326 
0.774871 0.491495 -0.382368 -0.109128 -2.963172 1.761758 2.668853 -22.460552 
0.766010 0.497209 -0.394375 -0.102834 -2.899015 1.748766 2.462926 -22.587787 
0.758018 0.501492 -0.406072 -0.095420 -2.808033 1.753417 2.257861 -22.703050 
0.749797 0.505032 -0.418864 -0.086168 -2.683262 1.772202 2.027257 -22.819987 
0.741498 0.507240 -0.433083 -0.074157 -2.506295 1.818605 1.765952 -22.938985 
0.733255 0.507764 -0.448536 -0.059229 -2.274842 1.895722 1.470759 -23.053942 
0.726603 0.506466 -0.462315 -0.044152 -2.031628 1.989797 1.196583 -23.143046 
0.721310 0.503835 -0.474461 -0.029374 -1.787255 2.096087 0.945445 -23.210248 
0.717073 0.500319 -0.485154 -0.015165 -1.547842 2.207377 0.715463 -23.259857 
0.713473 0.495704 -0.495332 -0.000371 -1.295059 2.332733 0.486389 -23.296563 
0.710645 0.489971 -0.504792 0.014822 -1.032891 2.474190 0.262616 -23.319803 
0.708530 0.483183 -0.513539 0.030355 -0.761281 2.628179 0.043432 -23.329007 
0.707120 0.475454 -0.521470 0.046017 -0.485890 2.793545 -0.170118 -23.324218 
0.706528 0.466769 -0.528453 0.061684 -0.208863 2.971259 -0.375050 -23.304832 
0.706751 0.457275 -0.534391 0.077116 0.065631 3.158488 -0.568659 -23.271371 
0.707812 0.447063 -0.539222 0.092159 0.333923 3.354337 -0.749794 -23.224295 
0.709683 0.436258 -0.542920 0.106662 0.592569 3.556545 -0.918217 -23.163983 
0.712460 0.424939 -0.545375 0.120436 0.838684 3.765430 -1.069589 -23.091598 
0.715851 0.413967 -0.546526 0.132559 1.053648 3.965240 -1.197885 -23.012568 
0.719408 0.404379 -0.546604 0.142226 1.223515 4.139668 -1.295227 -22.937528 
0.722938 0.395959 -0.545971 0.150012 1.360376 4.290956 -1.369586 -22.866880 
0.726327 0.388795 -0.544964 0.156169 1.464793 4.422972 -1.426859 -22.804243 
0.733983 0.373358 -0.541874 0.168516 1.678030 4.696511 -1.537368 -22.660448 
0.739572 0.361732 -0.539294 0.177562 1.819323 4.892552 -1.643166 -22.536823 
0.746360 0.345716 -0.535983 0.190267 2.052275 5.135687 -1.769820 -22.368064 
0.748549 0.340065 -0.534896 0.194831 2.095194 5.205725 -1.875119 -22.284070 
0.754509 0.324461 -0.531636 0.207175 2.484095 5.450282 -1.795541 -22.190111 
0.751920 0.330033 -0.533260 0.203227 2.003007 5.272267 -2.311398 -22.037358 
0.753530 0.326647 -0.532217 0.205570 1.850640 5.269287 -2.601979 -21.893699 
0.753924 0.325882 -0.531923 0.206041 1.304230 5.130583 -3.369627 -21.586385 
0.754836 0.323970 -0.531303 0.207333 0.858381 5.019002 -4.035265 -21.308598 
0.755597 0.322348 -0.530776 0.208429 0.361623 4.880042 -4.770227 -21.006202 
0.756452 0.320480 -0.530187 0.209707 -0.174515 4.718323 -5.574137 -20.674144 
0.757423 0.318272 -0.529519 0.211247 -0.815018 4.507234 -6.544667 -20.273859 
0.758587 0.315524 -0.528719 0.213195 -1.603899 4.219143 -7.756583 -19.773445 
0.759758 0.312586 -0.527916 0.215330 -2.432348 3.878402 -9.051501 -19.238661 
0.760801 0.309805 -0.527205 0.217400 -3.195192 3.528594 -10.264203 -18.737288 
0.761642 0.307463 -0.526627 0.219163 -3.795714 3.228166 -11.235885 -18.335982 
0.762248 0.305662 -0.526221 0.220559 -4.292181 2.965212 -12.040564 -18.002267 
0.763071 0.303362 -0.525627 0.222265 -4.725952 2.717075 -12.778111 -17.701568 
0.762844 0.303433 -0.525881 0.222449 -5.159993 2.478137 -13.424104 -17.419902 
0.765725 0.296450 -0.523592 0.227142 -5.457515 2.240287 -14.157769 -17.161220 
0.761909 0.304820 -0.526746 0.221926 -5.868848 2.076624 -14.435841 -16.967203 
0.769931 0.286195 -0.520201 0.234006 -5.358285 2.186321 -14.433702 -17.130400 
0.772128 0.279898 -0.518319 0.238421 -5.285146 2.145192 -14.587849 -17.115136 
0.777853 0.263072 -0.513248 0.250176 -4.933084 2.120406 -14.761989 -17.174681 
0.779164 0.257567 -0.511792 0.254225 -4.829875 2.084636 -14.837889 -17.179975 
];
