5	0	0	0.316227766016838	0	-0.948683298050514
2.93395833333333	2.85270833333333	0	0.316227554647817	-0.00115620699668110	-0.948682663943451
1.22166666666667	5.42166666666667	0	0.316224555365698	-0.00450619991396115	-0.948673666097095
-0.158125000000000	7.72312500000000	0	0.316212357200438	-0.00987175452635117	-0.948637071601313
-1.22666666666667	9.77333333333333	0	0.316181670089487	-0.0170738101848323	-0.948545010268461
-2.00520833333333	11.5885416666667	0	0.316121422859826	-0.0259318354689701	-0.948364268579479
-2.51500000000000	13.1850000000000	0	0.316019773956784	-0.0362632690615409	-0.948059321870353
-2.77729166666667	14.5789583333333	0	0.315865034864138	-0.0478831651289355	-0.947595104592416
-2.81333333333333	15.7866666666667	0	0.315646501585628	-0.0606041283044406	-0.946939504756884
-2.64437500000000	16.8243750000000	0	0.315355185457351	-0.0742365816265694	-0.946065556372053
-2.29166666666667	17.7083333333333	0	0.314984431879299	-0.0885893714660530	-0.944953295637898
-1.77645833333333	18.4547916666667	0	0.314530414890755	-0.103470677423593	-0.943591244672264
-1.12000000000000	19.0800000000000	0	0.313992497103278	-0.118689163905039	-0.941977491309835
-0.343541666666666	19.6002083333333	0	0.313373448214417	-0.134055285393974	-0.940120344643252
0.531666666666668	20.0316666666667	0	0.312679520686201	-0.149382641007833	-0.938038562058603
1.48437500000000	20.3906250000000	0	0.311920387454937	-0.164489266821939	-0.935761162364811
2.49333333333333	20.6933333333333	0	0.311108952867452	-0.179198756851652	-0.933326858602355
3.53729166666667	20.9560416666667	0	0.310261053532291	-0.193341114640232	-0.930783160596874
4.59500000000000	21.1950000000000	0	0.309395069679116	-0.206753255313069	-0.928185209037347
5.64520833333333	21.4264583333333	0	0.308531469413049	-0.219279100276905	-0.925594408239147
6.66666666666667	21.6666666666667	0	0.307692307692308	-0.230769230769231	-0.923076923076923
7.64208333333333	21.9287500000000	0	0.306892068914164	-0.241116695282329	-0.920695387896406
8.57000000000000	22.2133333333333	0	0.306110578084676	-0.250363652504161	-0.918484815056537
9.45291666666667	22.5179166666667	0	0.305317542181628	-0.258587213591200	-0.916468139873563
10.2933333333333	22.8400000000000	0	0.304481180029839	-0.265862071748351	-0.914663090877352
11.0937500000000	23.1770833333333	0	0.303568382042167	-0.272260415748001	-0.913082966351375
11.8566666666667	23.5266666666667	0	0.302544830626898	-0.277851945153834	-0.911737309774681
12.5845833333333	23.8862500000000	0	0.301375086767518	-0.282703958839175	-0.910632488291807
13.2800000000000	24.2533333333333	0	0.300022647751826	-0.286881494043019	-0.909772179840442
13.9454166666667	24.6254166666667	0	0.298449980472955	-0.290447497973125	-0.909157775128632
14.5833333333333	25	0	0.296618534214802	-0.293463017893368	-0.908788700573010
15.1962500000000	25.3745833333333	0	0.294488736417115	-0.295987398803261	-0.908662667810850
15.7866666666667	25.7466666666667	0	0.292019974626178	-0.298078480323816	-0.908775854645782
16.3570833333333	26.1137500000000	0	0.289170567701898	-0.299792786337325	-0.909123021397580
16.9100000000000	26.4733333333333	0	0.285897729393490	-0.301185702372371	-0.909697565685491
17.4479166666667	26.8229166666667	0	0.282157527634286	-0.302311636751020	-0.910491517744249
17.9733333333333	27.1600000000000	0	0.277904843362513	-0.303224162181984	-0.911495477500954
18.4887500000000	27.4820833333333	0	0.273093333371288	-0.303976134839285	-0.912698493872060
18.9966666666667	27.7866666666667	0	0.267675402651119	-0.304619788048328	-0.914087886116512
19.4995833333333	28.0712500000000	0	0.261602192935726	-0.305206797540785	-0.915649006653815
20	28.3333333333333	0	0.254823595718813	-0.305788314862575	-0.917364944587726
20.5000000000000	28.5710416666667	0	0.247301011571465	-0.306405321376071	-0.919215964128211
21.0000000000000	28.7850000000000	0	0.239046027546353	-0.307059765634364	-0.921179296903093
21.5000000000000	28.9764583333333	0	0.230083275303827	-0.307743673602799	-0.923231020808398
22	29.1466666666667	0	0.220438123408879	-0.308448866710185	-0.925346600130554
22.5000000000000	29.2968750000000	0	0.210136958480179	-0.309167019373137	-0.927501058119412
23	29.4283333333333	0	0.199207442626061	-0.309889721482076	-0.929669164446227
23.5000000000000	29.5422916666667	0	0.187678743000873	-0.310608546151843	-0.931825638455527
24	29.6400000000000	0	0.175581729216232	-0.311315122723815	-0.933945368171444
24.5000000000000	29.7227083333333	0	0.162949134390548	-0.312001214677343	-0.936003644032027
25	29.7916666666667	0	0.149815675850196	-0.312658801774323	-0.937976405322966
25.5000000000000	29.8481250000000	0	0.136218131932036	-0.313280165432308	-0.939840496296926
26.0000000000000	29.8933333333333	0	0.122195371993990	-0.313857976011962	-0.941573928035885
26.5000000000000	29.9285416666667	0	0.107788337619083	-0.314385380428753	-0.943156141286258
27	29.9550000000000	0	0.0930399740845120	-0.314856088272460	-0.944568264817381
27.5000000000000	29.9739583333333	0	0.0779951124306206	-0.315264454456403	-0.945793363369209
28	29.9866666666667	0	0.0627003038585782	-0.315605556335126	-0.946816669005377
28.5000000000000	29.9943750000000	0	0.0472036096496386	-0.315875263234721	-0.947625789704164
29.0000000000000	29.9983333333333	0	0.0315543512612562	-0.316070296439966	-0.948210889319899
29.5000000000000	29.9997916666667	0	0.0158028266380768	-0.316188277877319	-0.948564833631957
30	30	0	0	-0.316227766016838	-0.948683298050514
30.5001041666667	29.9996875000000	0	-0.0158028266380768	-0.316188277877319	-0.948564833631957
31.0008333333333	29.9975000000000	0	-0.0315543512612569	-0.316070296439966	-0.948210889319899
31.5028125000000	29.9915625000000	0	-0.0472036096496388	-0.315875263234721	-0.947625789704164
32.0066666666667	29.9800000000000	0	-0.0627003038585782	-0.315605556335126	-0.946816669005377
32.5130208333333	29.9609375000000	0	-0.0779951124306204	-0.315264454456403	-0.945793363369209
33.0225000000000	29.9325000000000	0	-0.0930399740845120	-0.314856088272460	-0.944568264817381
33.5357291666667	29.8928125000000	0	-0.107788337619083	-0.314385380428753	-0.943156141286258
34.0533333333333	29.8400000000000	0	-0.122195371993990	-0.313857976011962	-0.941573928035885
34.5759375000000	29.7721875000000	0	-0.136218131932036	-0.313280165432309	-0.939840496296926
35.1041666666667	29.6875000000000	0	-0.149815675850196	-0.312658801774322	-0.937976405322967
35.6386458333333	29.5840625000000	0	-0.162949134390548	-0.312001214677342	-0.936003644032027
36.1800000000000	29.4600000000000	0	-0.175581729216232	-0.311315122723815	-0.933945368171444
36.7288541666667	29.3134375000000	0	-0.187678743000873	-0.310608546151843	-0.931825638455527
37.2858333333333	29.1425000000000	0	-0.199207442626061	-0.309889721482076	-0.929669164446227
37.8515625000000	28.9453125000000	0	-0.210136958480179	-0.309167019373137	-0.927501058119412
38.4266666666667	28.7200000000000	0	-0.220438123408878	-0.308448866710185	-0.925346600130554
39.0117708333333	28.4646875000000	0	-0.230083275303826	-0.307743673602800	-0.923231020808399
39.6075000000000	28.1775000000000	0	-0.239046027546353	-0.307059765634365	-0.921179296903093
40.2144791666667	27.8565625000000	0	-0.247301011571465	-0.306405321376070	-0.919215964128211
40.8333333333333	27.5000000000000	0	-0.254823595718813	-0.305788314862575	-0.917364944587726
41.4644791666667	27.1046875000000	0	-0.261604477482019	-0.305180848600472	-0.915657002926781
42.1075000000000	26.6625000000000	0	-0.267694031110577	-0.304412449720508	-0.914151500662187
42.7617708333333	26.1640625000000	0	-0.273157202879849	-0.303276957582710	-0.912911950581343
43.4266666666667	25.6000000000000	0	-0.278058127132593	-0.301567414849342	-0.911998230391156
44.1015625000000	24.9609375000000	0	-0.282459604331051	-0.299074875174054	-0.911466286244736
44.7858333333333	24.2375000000000	0	-0.286422525424677	-0.295586831081716	-0.911367413407139
45.4788541666667	23.4203125000000	0	-0.290005214840657	-0.290885304023960	-0.911747067595017
46.1800000000000	22.5000000000000	0	-0.293262660660668	-0.284744658068864	-0.912643134836104
46.8886458333333	21.4671875000000	0	-0.296245593894153	-0.276929230950445	-0.914083556981251
47.6041666666667	20.3125000000000	0	-0.298999369990447	-0.267190926374443	-0.916083176140946
48.3259375000000	19.0265625000000	0	-0.301562596211716	-0.255266986626380	-0.918639627985173
49.0533333333333	17.6000000000000	0	-0.303965440576601	-0.240878273664476	-0.921728088001822
49.7857291666667	16.0234375000000	0	-0.306227555818246	-0.223728540161564	-0.925294668943228
50.5225000000000	14.2875000000000	0	-0.308355561849507	-0.203505378337645	-0.929248302911621
51.2630208333333	12.3828125000000	0	-0.310340063046604	-0.179883796335107	-0.933451051252448
52.0066666666667	10.3000000000000	0	-0.312152247465217	-0.152533674996354	-0.937707018420210
52.7528125000000	8.02968750000001	0	-0.313740243697748	-0.121132653654550	-0.941750465730219
53.5008333333333	5.56250000000000	0	-0.315025618558169	-0.0853861736582069	-0.945234394740296
54.2501041666667	2.88906250000000	0	-0.315900697748913	-0.0450562756888490	-0.947721837451686
55	0	0	-0.316227766016838	0	-0.948683298050514