113.560775   7.735266    -2.209314   -0.107258 0.624902  0.773300
117.864949 -10.950074   -0.974065   -0.003002 0.653008  0.757345
115.502860 -34.808781    0.779567   0.135034  0.648777  0.748902
104.086026 -55.840098    2.682644   0.263922  0.596758  0.757776
95.225652   -63.959571   4.073524   0.317154  0.551822  0.771301             
88.820589   -65.972318   6.021818   0.329520  0.516103  0.790603
80.162816   -65.096397   7.031464   0.326785  0.478040  0.815285
72.478246   -61.109537   6.863103   0.313696  0.446069  0.838223
65.985754   -54.666365   6.143037   0.288698  0.416448  0.862105
54.251993   -39.568096   4.931174   0.217010  0.357492  0.908354
38.038952   -23.111532   3.536073   0.129479  0.261821  0.956391
31.679054   -18.711329   3.017623   0.105499  0.220895  0.969575
26.192567   -16.781277   2.454873   0.096827  0.184942  0.977968
22.337845   -16.486398   1.907427   0.097931  0.159739  0.982290
18.769843   -17.937940   0.258718   0.110602  0.137889  0.984253
17.004164   -21.333422   -1.375463  0.133457  0.127499  0.982819
16.763098   -27.082862   -2.573817  0.171104  0.127727  0.976939
20.059322   -38.210737   -3.573619  0.238991  0.153346  0.958837
26.991221   -67.786318   -5.570258  0.399932  0.201303  0.894165
28.080737   -86.648047   -6.205088  0.487937  0.208205  0.847684
21.813110   -103.571377   -4.442501 0.567908  0.182153  0.802683
6.156323    -114.179587  -2.044104 0.628723  0.098457  0.771372
-12.661488  -117.988771  -0.872310 0.654180  -0.006643 0.756310
-31.816238  -116.324006  0.514512  0.651997  -0.117213 0.749107
-49.438878  -108.784390  2.089537  0.618930  -0.223905 0.752856