刀具长度： 15.0000

样条阶数：  3

节点向量
 U = [0.000000, 0.000000, 0.000000, 0.000000, 0.106506, 0.157285, 0.199426, 0.234151, 0.266828, 0.300977, ...
0.340546, 0.387257, 0.433032, 0.471313, 0.498755, 0.523379, 0.546560, 0.571456, 0.601575, 0.644991, ...
0.695760, 0.749761, 0.799360, 0.849104, 0.899354, 1.000000, 1.000000, 1.000000, 1.000000, ];

控制点
 CQ = [ ... 
113.560775 7.735266 -2.209314 111.951905 17.108796 9.390186 
117.907784 -3.725502 -1.408542 117.243358 6.033410 10.018368 
121.462358 -27.327746 -0.060745 122.786977 -17.168156 11.065830 
106.012715 -54.801168 2.650014 109.847316 -45.709105 13.985767 
96.140156 -64.251632 3.340413 100.937897 -55.867196 14.825736 
89.191151 -66.455882 6.378472 94.172845 -58.728076 18.237216 
79.779821 -65.647108 7.219051 84.703248 -58.500852 19.459729 
71.672406 -61.087621 6.928011 76.386640 -54.437854 19.525109 
64.982483 -53.944852 5.952342 69.292194 -47.768105 18.935044 
54.842464 -39.270597 4.968721 58.098989 -33.821110 18.609470 
39.239254 -23.806776 3.577015 41.245539 -19.752862 17.898262 
32.893306 -18.892303 3.199294 34.479749 -15.460118 17.719602 
26.449064 -16.664113 2.417727 27.886997 -13.862548 17.086442 
22.411615 -16.163390 2.225525 23.845149 -13.767093 16.965027 
18.273607 -17.618430 0.164417 19.913058 -15.594874 14.938274 
16.633902 -21.639115 -1.718100 18.663617 -19.762706 13.027942 
16.333429 -28.688063 -2.926741 19.066373 -26.808746 11.708977 
21.285632 -39.976230 -3.699253 25.050598 -37.531969 10.658225 
27.481736 -68.378235 -5.593558 33.588729 -65.283453 7.812747 
29.472290 -85.560187 -6.820291 36.707424 -82.372397 5.944053 
23.636903 -105.212470 -4.519697 32.229162 -102.295705 7.465279 
6.321071 -115.316836 -1.668647 15.856956 -113.822270 9.854829 
-18.934404 -120.008717 -0.789248 -8.950862 -120.622496 10.480536 
-38.628325 -115.952845 1.118443 -28.834213 -118.296746 12.297414 
-49.438878 -108.784390 2.089537 -40.154928 -112.142965 13.382377 
];
