刀具长度： 15.0000

样条阶数：  2

节点向量
 U = [0.000000, 0.000000, 0.000000, 0.078399, 0.134619, 0.182667, 0.217780, 0.249919, 0.283770, 0.318019, ...
0.360495, 0.413190, 0.456748, 0.486579, 0.511775, 0.534847, 0.558287, 0.583891, 0.617370, 0.668588, ...
0.725168, 0.774525, 0.823988, 0.874182, 0.924516, 1.000000, 1.000000, 1.000000, ];

控制点
 CQ = [ ... 
113.560775 7.735266 -2.209314 111.951905 17.108796 9.390186 
119.118460 -5.602837 -1.376696 118.603611 4.261628 9.997326 
116.870181 -35.089918 0.751378 118.904294 -25.251286 11.946494 
104.994654 -55.812890 2.606341 108.936522 -46.787309 13.947862 
95.623280 -64.280145 3.738064 100.417804 -55.956907 15.265545 
88.884588 -66.334570 6.257513 93.856726 -58.611950 18.121319 
80.008281 -65.519580 7.181593 84.928219 -58.360940 19.415038 
72.190627 -61.302694 6.923098 76.912008 -54.623644 19.500217 
65.511191 -54.486276 6.060965 69.848452 -48.269206 19.013561 
54.566301 -39.242105 4.927146 57.817620 -33.824532 18.570763 
38.666057 -23.242858 3.574449 40.621584 -19.246174 17.914907 
31.972492 -18.605898 3.067880 33.541106 -15.263343 17.608987 
26.299680 -16.663682 2.457962 27.738900 -13.878427 17.128698 
22.296786 -16.269372 2.080912 23.743596 -13.881174 16.819936 
18.500729 -17.675051 0.241439 20.140512 -15.631520 15.012017 
16.769961 -21.339896 -1.540833 18.772374 -19.450429 13.206217 
16.413212 -27.504594 -2.745963 19.026520 -25.622896 11.908394 
20.531261 -38.832799 -3.644905 24.194454 -36.471478 10.742137 
27.427962 -67.548310 -5.607702 33.454536 -64.472569 7.825555 
29.022364 -86.496584 -6.581356 36.326013 -83.321253 6.145456 
23.062571 -104.638859 -4.500983 31.629745 -101.784329 7.503113 
6.417176 -115.051713 -1.811922 15.922714 -113.547558 9.724676 
-12.624002 -118.632024 -0.943336 -2.764444 -118.721997 10.390888 
-36.882152 -116.684112 0.857044 -27.047579 -118.870379 12.041796 
-49.438878 -108.784390 2.089537 -40.154928 -112.142965 13.382377 
];
