刀具长度： 15.0000

样条阶数：  3

节点向量
 U = [0.000000, 0.000000, 0.000000, 0.000000, 0.003750, 0.005625, 0.007502, 0.009382, 0.011267, 0.013154, ...
0.015041, 0.016927, 0.018812, 0.020696, 0.022580, 0.024466, 0.026356, 0.028247, 0.030139, 0.032028, ...
0.033916, 0.035803, 0.037689, 0.039575, 0.041460, 0.043342, 0.045223, 0.047103, 0.048980, 0.050855, ...
0.052726, 0.054594, 0.056459, 0.058323, 0.060187, 0.062050, 0.063909, 0.065763, 0.067612, 0.069457, ...
0.071298, 0.073135, 0.074970, 0.076802, 0.078630, 0.080454, 0.082274, 0.084089, 0.085900, 0.087708, ...
0.089514, 0.091319, 0.093122, 0.094922, 0.096716, 0.098506, 0.100294, 0.102080, 0.103865, 0.105899, ...
0.108188, 0.110740, 0.113312, 0.115906, 0.118521, 0.121154, 0.123804, 0.126468, 0.129145, 0.131569, ...
0.133737, 0.135911, 0.138087, 0.140266, 0.142818, 0.146006, 0.149831, 0.153655, 0.157483, 0.161315, ...
0.165151, 0.168987, 0.172825, 0.176664, 0.180506, 0.184349, 0.188193, 0.192039, 0.195887, 0.199741, ...
0.203602, 0.207469, 0.211340, 0.215210, 0.219081, 0.222953, 0.226827, 0.230704, 0.234584, 0.238465, ...
0.242347, 0.246229, 0.250111, 0.253995, 0.257879, 0.261763, 0.265645, 0.269524, 0.273403, 0.276905, ...
0.280030, 0.282780, 0.285533, 0.288289, 0.291050, 0.293813, 0.296580, 0.299350, 0.302122, 0.304897, ...
0.307676, 0.310458, 0.313246, 0.316041, 0.318844, 0.321658, 0.324483, 0.327323, 0.330181, 0.333059, ...
0.335672, 0.338013, 0.340074, 0.342134, 0.344192, 0.346248, 0.348300, 0.350345, 0.352658, 0.354955, ...
0.357234, 0.359216, 0.361182, 0.363129, 0.365056, 0.366962, 0.368850, 0.370717, 0.372565, 0.374391, ...
0.376196, 0.377979, 0.379745, 0.381501, 0.383249, 0.384994, 0.386735, 0.388477, 0.390224, 0.391978, ...
0.393741, 0.395511, 0.397284, 0.399064, 0.400850, 0.402647, 0.404455, 0.406274, 0.408101, 0.409934, ...
0.411774, 0.413623, 0.415482, 0.417351, 0.419228, 0.421109, 0.422993, 0.424881, 0.426774, 0.428673, ...
0.430578, 0.432489, 0.434403, 0.436318, 0.438234, 0.440151, 0.442067, 0.443985, 0.445904, 0.447824, ...
0.449741, 0.451656, 0.453570, 0.455481, 0.457393, 0.459304, 0.461212, 0.463114, 0.465008, 0.466895, ...
0.468776, 0.470652, 0.472524, 0.474391, 0.476251, 0.478102, 0.479944, 0.481776, 0.483601, 0.485417, ...
0.487222, 0.489013, 0.490790, 0.492555, 0.494312, 0.496062, 0.497804, 0.499535, 0.501256, 0.502968, ...
0.504674, 0.506373, 0.508071, 0.510022, 0.512248, 0.514767, 0.517341, 0.519975, 0.522665, 0.525409, ...
0.528202, 0.530756, 0.533057, 0.535092, 0.537134, 0.539181, 0.541233, 0.543288, 0.545145, 0.546801, ...
0.548257, 0.549713, 0.551369, 0.553501, 0.556103, 0.558967, 0.561811, 0.564637, 0.567449, 0.570250, ...
0.573041, 0.575825, 0.578601, 0.581372, 0.584138, 0.586900, 0.589659, 0.592414, 0.595167, 0.597917, ...
0.600665, 0.603413, 0.606539, 0.610044, 0.613927, 0.617809, 0.621690, 0.625571, 0.629455, 0.633340, ...
0.637225, 0.641107, 0.644989, 0.648870, 0.652752, 0.656632, 0.660510, 0.664386, 0.668259, 0.672128, ...
0.675993, 0.679853, 0.683710, 0.687566, 0.691424, 0.695283, 0.699139, 0.702989, 0.706831, 0.710668, ...
0.714502, 0.718334, 0.722164, 0.725991, 0.729816, 0.733639, 0.737461, 0.741282, 0.744730, 0.747805, ...
0.750054, 0.751851, 0.753381, 0.755356, 0.757773, 0.760442, 0.763097, 0.765735, 0.768356, 0.770959, ...
0.773545, 0.775869, 0.777935, 0.779748, 0.781562, 0.783376, 0.785192, 0.787008, 0.788825, 0.790641, ...
0.792458, 0.794278, 0.796102, 0.797930, 0.799765, 0.801604, 0.803446, 0.805289, 0.807134, 0.808980, ...
0.810830, 0.812682, 0.814538, 0.816397, 0.818261, 0.820130, 0.822000, 0.823871, 0.825742, 0.827615, ...
0.829489, 0.831366, 0.833248, 0.835134, 0.837021, 0.838908, 0.840795, 0.842682, 0.844570, 0.846457, ...
0.848346, 0.850237, 0.852129, 0.854020, 0.855910, 0.857798, 0.859685, 0.861572, 0.863461, 0.865350, ...
0.867239, 0.869125, 0.871007, 0.872883, 0.874756, 0.876627, 0.878497, 0.880624, 0.883012, 0.885664, ...
0.888326, 0.890735, 0.892888, 0.895417, 0.898580, 0.902902, 0.907746, 0.913114, 0.918480, 0.923846, ...
0.929212, 0.934576, 0.939941, 0.945306, 0.950670, 0.956035, 0.961400, 0.966765, 0.972130, 0.977496, ...
0.982862, 0.987334, 0.990646, 0.992798, 0.994943, 1.000000, 1.000000, 1.000000, 1.000000, ];

控制点
 CQ = [ ... 
-30.483500 18.522000 30.742900 -38.974466 20.523294 42.945289 
-30.456852 18.677397 30.736137 -38.948929 20.806696 42.916751 
-30.407696 18.908865 30.728434 -38.891163 21.228985 42.880675 
-30.325595 19.213329 30.723662 -38.781011 21.788252 42.843408 
-30.255251 19.439864 30.722697 -38.677982 22.205322 42.823209 
-30.176687 19.664567 30.724153 -38.555050 22.618847 42.810843 
-30.089468 19.887183 30.728324 -38.418054 23.031649 42.801428 
-29.993975 20.107318 30.734789 -38.257020 23.436374 42.803444 
-29.890974 20.323435 30.743708 -38.089180 23.838827 42.803740 
-29.780643 20.535715 30.754951 -37.897892 24.230381 42.816157 
-29.663263 20.743551 30.768245 -37.694927 24.616988 42.830665 
-29.539137 20.947083 30.783642 -37.473425 24.992741 42.853971 
-29.408030 21.146163 30.801206 -37.239019 25.361488 42.880933 
-29.270120 21.340973 30.820618 -36.990482 25.721023 42.912952 
-29.125573 21.531466 30.841881 -36.727392 26.073817 42.949437 
-28.973993 21.717687 30.865238 -36.450158 26.416043 42.991493 
-28.816726 21.898271 30.890125 -36.159354 26.748680 43.038093 
-28.654193 22.073244 30.916518 -35.857153 27.068520 43.089371 
-28.486420 22.242405 30.944485 -35.545179 27.379214 43.142885 
-28.313544 22.405730 30.973671 -35.221826 27.677185 43.200743 
-28.135721 22.563366 31.004209 -34.887985 27.962868 43.262525 
-27.953167 22.715040 31.035860 -34.543400 28.237108 43.327718 
-27.766088 22.860528 31.068834 -34.189812 28.499237 43.395836 
-27.575522 22.999510 31.102584 -33.827744 28.746856 43.467531 
-27.380501 23.132095 31.137546 -33.458010 28.982599 43.541163 
-27.182073 23.258186 31.173290 -33.080305 29.203267 43.618418 
-26.980270 23.377588 31.210064 -32.695673 29.411303 43.697770 
-26.775712 23.489999 31.247314 -32.304199 29.602107 43.780967 
-26.568578 23.595516 31.285369 -31.907840 29.781306 43.864819 
-26.358743 23.694267 31.323958 -31.508611 29.948187 43.948603 
-26.146727 23.785858 31.363089 -31.102313 30.094603 44.038115 
-25.932632 23.870652 31.402686 -30.693785 30.233766 44.124973 
-25.715835 23.948575 31.442987 -30.278761 30.352710 44.217237 
-25.496841 24.019311 31.483887 -29.859174 30.457013 44.311228 
-25.276738 24.082732 31.525063 -29.438513 30.548255 44.404942 
-25.055969 24.138508 31.566468 -29.016310 30.620844 44.501282 
-24.834995 24.186878 31.608063 -28.595411 30.681957 44.596048 
-24.613513 24.227682 31.650016 -28.172209 30.717448 44.697359 
-24.391757 24.261024 31.692055 -27.751003 30.745875 44.794597 
-24.169976 24.286740 31.734559 -27.328560 30.752344 44.896400 
-23.948239 24.304847 31.776984 -26.907628 30.743735 44.998078 
-23.726465 24.315381 31.819836 -26.487867 30.719633 45.100458 
-23.505539 24.318156 31.862599 -26.071162 30.678064 45.203654 
-23.286008 24.313407 31.905419 -25.658517 30.620034 45.307373 
-23.067431 24.300901 31.948296 -25.249001 30.544741 45.411944 
-22.850722 24.280787 31.991275 -24.844830 30.453834 45.516507 
-22.635893 24.252644 32.033886 -24.445395 30.341454 45.623117 
-22.423153 24.216743 32.076770 -24.052333 30.213257 45.729705 
-22.212430 24.172995 32.119602 -23.665132 30.068834 45.836158 
-22.003649 24.120951 32.162355 -23.284249 29.905768 45.943193 
-21.797296 24.061053 32.205187 -22.910881 29.724120 46.050951 
-21.594628 23.993207 32.247585 -22.546845 29.526269 46.157816 
-21.395773 23.917911 32.289490 -22.193022 29.308311 46.265325 
-21.201056 23.835022 32.330993 -21.849970 29.078455 46.370284 
-21.009933 23.744286 32.372209 -21.517534 28.827685 46.476013 
-20.824869 23.646860 32.412585 -21.200215 28.563330 46.579675 
-20.628992 23.532027 32.455535 -20.869402 28.255685 46.690837 
-20.449337 23.418442 32.495534 -20.571144 27.953292 46.794448 
-20.097983 23.160720 32.574676 -20.005282 27.278294 47.001101 
-19.776527 22.917447 32.636315 -19.508152 26.661024 47.161110 
-19.422188 22.645963 32.694030 -18.974352 26.008400 47.307535 
-19.068158 22.369280 32.741154 -18.460217 25.365098 47.428086 
-18.708868 22.084163 32.779424 -17.953817 24.739918 47.524587 
-18.346284 21.791189 32.808575 -17.453109 24.138417 47.598006 
-17.981932 21.492552 32.829672 -16.960007 23.564040 47.651732 
-17.611786 21.183699 32.842999 -16.456483 23.018230 47.686104 
-17.268266 20.893158 32.849155 -15.990311 22.547482 47.703533 
-16.894651 20.572074 32.848442 -15.447870 22.059717 47.704244 
-16.691995 20.395598 32.844893 -15.189597 21.850940 47.698800 
-16.506744 20.233334 32.841490 -14.784569 21.521965 47.686995 
-16.141977 19.914071 32.829132 -14.467187 21.322034 47.668818 
-15.938468 19.739325 32.819944 -14.114007 21.112006 47.645325 
-15.720537 19.551960 32.811464 -13.880335 20.959504 47.631487 
-14.923961 18.884544 32.771303 -12.856872 20.334266 47.557995 
-14.258098 18.349733 32.727612 -12.032045 19.846483 47.486115 
-13.467084 17.732114 32.666862 -11.043869 19.278047 47.389400 
-12.685472 17.144892 32.595860 -10.074981 18.740502 47.280955 
-11.886906 16.565336 32.512596 -9.087319 18.212046 47.157186 
-11.079337 16.000417 32.417560 -8.093413 17.695193 47.019781 
-10.262735 15.449699 32.310037 -7.091592 17.194224 46.867281 
-9.437821 14.913391 32.190166 -6.083491 16.707397 46.700256 
-8.604419 14.391616 32.057630 -5.068920 16.235034 46.518419 
-7.763137 13.884492 31.911920 -4.048945 15.776315 46.321574 
-6.913901 13.391636 31.753069 -3.022218 15.332914 46.109195 
-6.058618 12.914400 31.581081 -1.992428 14.903419 45.882191 
-5.196922 12.451940 31.395693 -0.958197 14.489059 45.639812 
-4.328866 12.004345 31.196427 0.079375 14.087619 45.382294 
-3.454134 11.570410 30.983654 1.122120 13.701600 45.109059 
-2.572532 11.149696 30.756435 2.168651 13.321556 44.821102 
-1.683233 10.741732 30.514702 3.217485 12.954718 44.518108 
-0.790422 10.348552 30.259601 4.256963 12.603752 44.203996 
0.105079 9.970246 29.992622 5.283601 12.270234 43.881455 
1.003293 9.606586 29.714051 6.297894 11.952466 43.551301 
1.904847 9.257417 29.425099 7.299993 11.650230 43.215353 
2.809746 8.922829 29.126363 8.289476 11.363337 42.874805 
3.718672 8.602331 28.818812 9.266634 11.090773 42.531220 
4.631852 8.296048 28.503396 10.231100 10.832768 42.186048 
5.547881 8.004632 28.181530 11.180261 10.587327 41.841948 
6.467166 7.727795 27.854422 12.116191 10.357550 41.498967 
7.389519 7.465854 27.523415 13.035014 10.140135 41.160764 
8.315405 7.219012 27.189685 13.937448 9.935518 40.828385 
9.245058 6.986894 26.854560 14.823299 9.744066 40.503105 
10.178312 6.770185 26.519335 15.691514 9.565330 40.186604 
11.117243 6.568487 26.185574 16.543364 9.392710 39.881730 
12.055348 6.383078 25.856015 17.370833 9.238074 39.589230 
13.009419 6.212269 25.528196 18.185451 9.091297 39.309585 
13.891450 6.068240 25.231669 18.917603 8.965284 39.064943 
14.869863 5.928423 24.914692 19.695456 8.834440 38.817102 
15.353096 5.866238 24.763048 20.067963 8.779953 38.701650 
15.872837 5.802985 24.602694 20.461370 8.716328 38.583529 
16.354868 5.749480 24.458184 20.817597 8.661186 38.480032 
16.844401 5.699365 24.315251 21.170290 8.606503 38.380905 
17.335498 5.653933 24.176445 21.514908 8.553617 38.287887 
17.830123 5.612796 24.041190 21.852383 8.501739 38.200466 
18.327164 5.576283 23.910710 22.181242 8.450918 38.119636 
18.826874 5.544503 23.784939 22.501166 8.400915 38.045128 
19.329275 5.517357 23.664309 22.811895 8.351252 37.977053 
19.834221 5.495150 23.549664 23.112448 8.301792 37.916016 
20.342026 5.477925 23.441178 23.402713 8.252020 37.861814 
20.852939 5.465838 23.339228 23.682225 8.201710 37.814402 
21.367384 5.458829 23.244558 23.951053 8.149733 37.774070 
21.885838 5.456992 23.157431 24.208361 8.096867 37.740407 
22.408750 5.460619 23.078494 24.454085 8.037325 37.714289 
22.936575 5.469648 23.008462 24.687888 7.978808 37.694192 
23.470639 5.484652 22.948051 24.909949 7.914999 37.680905 
24.009259 5.505204 22.897916 25.122491 7.846727 37.673751 
24.562367 5.532462 22.858932 25.316310 7.769873 37.673046 
25.078865 5.562948 22.833276 25.515366 7.697747 37.676851 
25.655735 5.603970 22.820538 25.618005 7.591475 37.689072 
25.941684 5.626463 22.819539 25.901913 7.574991 37.692215 
26.247957 5.651522 22.817068 26.179819 7.606117 37.689078 
26.530411 5.675913 22.815500 26.438054 7.674501 37.681505 
26.814802 5.701340 22.813937 26.705085 7.781107 37.668774 
27.098825 5.728185 22.812163 26.990423 7.924228 37.650303 
27.377934 5.755437 22.810033 27.292117 8.094211 37.626750 
27.682152 5.786342 22.805773 27.659184 8.313992 37.591437 
27.936650 5.812932 22.801732 27.980817 8.508536 37.558987 
28.482865 5.873147 22.783534 28.790316 8.979989 37.456815 
28.728643 5.899954 22.770153 29.201168 9.200773 37.395566 
29.014440 5.929354 22.752270 29.694037 9.455827 37.317121 
29.269938 5.954773 22.731964 30.162581 9.681229 37.235271 
29.523513 5.978548 22.708156 30.644037 9.897797 37.144813 
29.770648 6.000842 22.680544 31.136526 10.111321 37.042733 
30.012660 6.021184 22.649389 31.631010 10.310091 36.932957 
30.249076 6.040005 22.614617 32.128500 10.498987 36.813928 
30.480080 6.057257 22.576249 32.626826 10.678101 36.685615 
30.705541 6.072687 22.534348 33.122793 10.845493 36.549099 
30.925100 6.086742 22.489276 33.618602 11.008796 36.401638 
31.138617 6.099138 22.441199 34.104224 11.155318 36.249685 
31.346137 6.109433 22.390654 34.585178 11.292935 36.090069 
31.549042 6.118467 22.336869 35.061403 11.421420 35.922752 
31.748007 6.124448 22.280893 35.534384 11.539448 35.748393 
31.947228 6.113368 22.226907 36.002446 11.613667 35.580998 
32.143756 6.090149 22.174916 36.464819 11.657596 35.417283 
32.338217 6.053695 22.124484 36.920398 11.667657 35.258922 
32.530543 6.004580 22.076457 37.368909 11.645767 35.106890 
32.720984 5.942829 22.030458 37.811140 11.592023 34.961086 
32.909248 5.868545 21.986686 38.249431 11.509721 34.819576 
33.095688 5.781615 21.945448 38.678681 11.395006 34.686809 
33.277911 5.682935 21.906893 39.098393 11.250807 34.561630 
33.455530 5.573251 21.871557 39.506192 11.078292 34.445537 
33.628506 5.453060 21.838947 39.903828 10.879849 34.336574 
33.796636 5.322663 21.808995 40.286758 10.654025 34.237785 
33.960159 5.182115 21.781881 40.661120 10.404966 34.144702 
34.119012 5.031911 21.757028 41.025900 10.132873 34.057247 
34.273162 4.871922 21.734859 41.376637 9.836185 33.978915 
34.420819 4.703879 21.714935 41.713491 9.520530 33.906595 
34.562280 4.528413 21.697501 42.030456 9.184354 33.845267 
34.697648 4.345659 21.682131 42.338831 8.833716 33.785428 
34.826879 4.155706 21.668631 42.629533 8.462651 33.734660 
34.949973 3.958799 21.657014 42.906789 8.075078 33.688884 
35.066996 3.755087 21.646807 43.169920 7.671035 33.648020 
35.177573 3.545060 21.638146 43.421072 7.253168 33.609611 
35.280995 3.330733 21.630927 43.653305 6.822995 33.577879 
35.377435 3.112102 21.624693 43.868122 6.383023 33.550744 
35.466737 2.889589 21.619647 44.068705 5.932359 33.526339 
35.549156 2.662964 21.615457 44.252479 5.472383 33.505841 
35.624683 2.432349 21.612065 44.423628 5.002739 33.486146 
35.693190 2.197914 21.609429 44.575982 4.525213 33.471218 
35.755030 1.959513 21.607180 44.713899 4.037490 33.458065 
35.809214 1.719117 21.605641 44.834877 3.544087 33.447508 
35.856235 1.476853 21.604452 44.939736 3.045617 33.438810 
35.895963 1.233016 21.603548 45.028082 2.543149 33.431952 
35.928206 0.987844 21.602952 45.100329 2.037348 33.426400 
35.953243 0.741534 21.602642 45.156011 1.529041 33.422627 
35.970822 0.494998 21.602680 45.195053 1.020333 33.420487 
35.981147 0.247097 21.602838 45.217663 0.510176 33.419808 
35.984001 -0.001086 21.603370 45.223712 -0.002837 33.420768 
35.979657 -0.248460 21.604080 45.213076 -0.512291 33.423442 
35.967824 -0.495054 21.604905 45.187128 -1.021962 33.426490 
35.948727 -0.740630 21.606294 45.142502 -1.528405 33.433244 
35.922338 -0.985257 21.607713 45.083311 -2.032513 33.439984 
35.888542 -1.228766 21.609653 45.007037 -2.533817 33.449107 
35.847291 -1.471325 21.611875 44.913962 -3.032798 33.460085 
35.798662 -1.711785 21.614826 44.804189 -3.526670 33.473545 
35.742828 -1.948529 21.618161 44.678116 -4.011953 33.489342 
35.680173 -2.181747 21.622256 44.537082 -4.488337 33.507395 
35.610474 -2.411108 21.627133 44.377338 -4.955803 33.530416 
35.533773 -2.636561 21.632921 44.204188 -5.414324 33.554713 
35.450015 -2.857762 21.639689 44.014881 -5.862979 33.582585 
35.359197 -3.075309 21.647651 43.807697 -6.301085 33.615862 
35.261081 -3.288536 21.657007 43.586343 -6.730262 33.651394 
35.156102 -3.496159 21.667920 43.345737 -7.143631 33.694815 
35.044786 -3.697771 21.680227 43.093754 -7.544676 33.739893 
34.926852 -3.892747 21.694437 42.823505 -7.928291 33.793090 
34.802538 -4.081005 21.710460 42.538419 -8.296066 33.851669 
34.671910 -4.262013 21.728731 42.241564 -8.645394 33.915029 
34.534568 -4.435453 21.749389 41.924730 -8.976043 33.988201 
34.391472 -4.600452 21.772450 41.594421 -9.286604 34.067861 
34.243659 -4.755638 21.797827 41.252301 -9.574023 34.154277 
34.091161 -4.901122 21.825603 40.897271 -9.837547 34.248491 
33.933753 -5.036490 21.856013 40.533639 -10.078436 34.347605 
33.771652 -5.162028 21.889144 40.155973 -10.293936 34.455948 
33.604583 -5.277297 21.924953 39.763536 -10.482116 34.573996 
33.432679 -5.381348 21.963880 39.361407 -10.644254 34.698617 
33.257868 -5.473675 22.005282 38.950831 -10.776378 34.830787 
33.080729 -5.553673 22.048971 38.533231 -10.880018 34.968843 
32.901302 -5.621763 22.094710 38.107132 -10.953755 35.113682 
32.719581 -5.677604 22.142582 37.673992 -10.995956 35.264821 
32.536888 -5.720735 22.192290 37.237355 -11.007679 35.420408 
32.338997 -5.753039 22.247243 36.763615 -10.986458 35.591041 
32.150152 -5.771750 22.301440 36.308917 -10.937808 35.758005 
31.742302 -5.810658 22.405313 35.339983 -10.819313 36.084210 
31.356589 -5.840424 22.487779 34.447484 -10.678783 36.349453 
30.912743 -5.869050 22.568231 33.449379 -10.493454 36.615042 
30.452230 -5.891229 22.635162 32.455223 -10.271987 36.844893 
29.969209 -5.907479 22.689561 31.459618 -10.011220 37.044298 
29.459050 -5.917362 22.730969 30.475012 -9.709770 37.211366 
28.971302 -5.921375 22.757977 29.603002 -9.406492 37.336995 
28.418566 -5.918927 22.774831 28.721219 -9.058526 37.440637 
28.142046 -5.915640 22.779457 28.324836 -8.898500 37.479055 
27.842437 -5.910934 22.783058 27.918720 -8.728065 37.516343 
27.563922 -5.904937 22.785001 27.569766 -8.586177 37.543621 
27.281962 -5.898026 22.785758 27.240880 -8.461245 37.565237 
26.996012 -5.889676 22.786174 26.927422 -8.354072 37.582266 
26.731535 -5.881086 22.786147 26.653998 -8.282581 37.592491 
26.440157 -5.870471 22.786399 26.359021 -8.227450 37.599841 
26.296555 -5.864946 22.786492 26.216213 -8.230946 37.598510 
26.144159 -5.858718 22.786598 26.057462 -8.179318 37.605773 
25.993026 -5.852368 22.786717 25.910569 -8.215693 37.599128 
25.836041 -5.845492 22.786766 25.719885 -8.224115 37.596672 
25.526714 -5.830620 22.788700 25.709311 -8.281963 37.587575 
24.987417 -5.808772 22.804139 25.514575 -8.353689 37.578768 
24.469350 -5.793121 22.831984 25.354863 -8.426178 37.574088 
23.922887 -5.782101 22.873407 25.157915 -8.492666 37.576057 
23.388959 -5.776730 22.925352 24.952534 -8.555211 37.583837 
22.860286 -5.776651 22.987548 24.733316 -8.613888 37.598289 
22.337311 -5.781618 23.058936 24.502241 -8.669799 37.619143 
21.819093 -5.791754 23.139082 24.257081 -8.723519 37.647215 
21.305175 -5.806789 23.227153 24.001126 -8.776498 37.681727 
20.795682 -5.826464 23.322708 23.732922 -8.824359 37.724259 
20.289841 -5.850922 23.424976 23.454240 -8.877598 37.772211 
19.787364 -5.879827 23.533709 23.164974 -8.928626 37.827477 
19.287927 -5.913158 23.648227 22.865392 -8.980046 37.889341 
18.791334 -5.950728 23.768476 22.555360 -9.031798 37.958291 
18.297636 -5.992682 23.893504 22.236698 -9.084499 38.033336 
17.806943 -6.038710 24.023231 21.909838 -9.138331 38.114640 
17.317501 -6.089269 24.157604 21.573795 -9.193618 38.202346 
16.834956 -6.142852 24.294534 21.233317 -9.249535 38.294908 
16.313847 -6.205997 24.447324 20.854701 -9.312577 38.402081 
15.828668 -6.267919 24.592938 20.494691 -9.373180 38.506826 
14.844673 -6.406699 24.899353 19.740126 -9.502126 38.736695 
13.956764 -6.548651 25.188992 19.027574 -9.627894 38.966313 
12.998621 -6.716234 25.510355 18.233204 -9.772697 39.231367 
12.058573 -6.896552 25.834505 17.426232 -9.925569 39.509983 
11.118985 -7.091858 26.164549 16.594418 -10.088879 39.804246 
10.183153 -7.301247 26.497738 15.743645 -10.262702 40.110713 
9.250228 -7.525118 26.833063 14.873582 -10.448852 40.428323 
8.321493 -7.762345 27.168122 13.986308 -10.644912 40.754941 
7.396834 -8.013114 27.501643 13.082915 -10.852220 41.088715 
6.475557 -8.277271 27.832681 12.164618 -11.074228 41.427253 
5.556802 -8.554843 28.159684 11.228506 -11.303019 41.771459 
4.640156 -8.846043 28.482082 10.277285 -11.548148 42.117442 
3.726625 -9.150247 28.798014 9.311690 -11.803134 42.464451 
2.816166 -9.467676 29.106367 8.333716 -12.075893 42.808814 
1.908954 -9.797964 29.406102 7.341074 -12.357101 43.151908 
1.005126 -10.141110 29.696411 6.337164 -12.656318 43.489476 
0.104285 -10.497144 29.975871 5.317820 -12.963465 43.823011 
-0.791787 -10.865542 30.243514 4.290600 -13.287905 44.147101 
-1.683591 -11.246364 30.498649 3.251503 -13.625745 44.462644 
-2.571971 -11.639691 30.740517 2.203464 -13.978460 44.766786 
-3.457339 -12.046521 30.968871 1.151825 -14.342937 45.057639 
-4.340496 -12.466864 31.184157 0.099915 -14.716928 45.334480 
-5.221704 -12.902300 31.386431 -0.953749 -15.105221 45.597123 
-6.096193 -13.351168 31.574369 -2.003452 -15.505454 45.843943 
-6.962864 -13.812913 31.748263 -3.046366 -15.920287 46.074189 
-7.821237 -14.287088 31.908249 -4.083147 -16.346875 46.288674 
-8.671510 -14.774118 32.054851 -5.115503 -16.783683 46.488464 
-9.514518 -15.273940 32.187952 -6.140587 -17.236444 46.671662 
-10.350329 -15.787504 32.308488 -7.161097 -17.702116 46.840387 
-11.178772 -16.314324 32.416253 -8.176079 -18.181117 46.994045 
-11.998536 -16.853559 32.511352 -9.184168 -18.673310 47.132603 
-12.810453 -17.406144 32.594431 -10.185550 -19.178333 47.256726 
-13.610150 -17.968872 32.665103 -11.176990 -19.695296 47.365842 
-14.412900 -18.553532 32.724838 -12.168555 -20.229551 47.461528 
-15.137943 -19.097132 32.769602 -13.093715 -20.741106 47.538641 
-15.948465 -19.729219 32.807708 -14.042583 -21.284421 47.605519 
-16.274786 -19.988492 32.818389 -14.602780 -21.625512 47.634664 
-16.709327 -20.341352 32.835103 -14.878410 -21.750061 47.658342 
-16.815160 -20.427084 32.832414 -15.317382 -22.123089 47.661469 
-16.935818 -20.526015 32.834854 -15.425141 -22.202343 47.663870 
-17.137656 -20.691907 32.835032 -15.750205 -22.478442 47.664153 
-17.497312 -20.991069 32.830464 -16.239305 -22.948094 47.649531 
-17.841224 -21.281234 32.817269 -16.713792 -23.470073 47.614840 
-18.204690 -21.591592 32.794659 -17.204075 -24.074091 47.555252 
-18.557294 -21.898070 32.761791 -17.688810 -24.713943 47.471126 
-18.904280 -22.197790 32.719556 -18.172546 -25.385236 47.360812 
-19.254169 -22.492963 32.666490 -18.680776 -26.076671 47.222745 
-19.573604 -22.758787 32.608730 -19.159802 -26.724007 47.072212 
-19.923381 -23.041603 32.532871 -19.705625 -27.443476 46.872178 
-20.103485 -23.167754 32.494533 -19.997715 -27.765452 46.772676 
-20.299684 -23.296486 32.452776 -20.320724 -28.103278 46.662440 
-20.485878 -23.406268 32.413659 -20.634244 -28.389885 46.561374 
-20.677981 -23.509855 32.373511 -20.962562 -28.664343 46.457817 
-20.874226 -23.605239 32.333086 -21.302630 -28.921219 46.353553 
-21.074446 -23.692836 32.292037 -21.653608 -29.160254 46.248700 
-21.277583 -23.772250 32.250848 -22.014016 -29.382384 46.143297 
-21.483745 -23.843535 32.209386 -22.383535 -29.584007 46.038819 
-21.692660 -23.907008 32.167883 -22.761309 -29.770058 45.933724 
-21.904527 -23.962456 32.126184 -23.147198 -29.937749 45.829001 
-22.119110 -24.010318 32.084135 -23.540445 -30.088999 45.723961 
-22.336632 -24.050280 32.041890 -23.941510 -30.221669 45.619590 
-22.556710 -24.082513 31.999660 -24.350014 -30.342842 45.512914 
-22.779363 -24.106682 31.957049 -24.764892 -30.440740 45.408916 
-23.003179 -24.123301 31.914450 -25.183979 -30.523244 45.304753 
-23.227738 -24.131548 31.872036 -25.605988 -30.587181 45.201850 
-23.452837 -24.132321 31.829863 -26.030548 -30.634546 45.099812 
-23.678335 -24.125150 31.787685 -26.456458 -30.664419 44.998852 
-23.904183 -24.110394 31.745870 -26.884730 -30.678459 44.898520 
-24.130389 -24.087703 31.703852 -27.315643 -30.678183 44.797158 
-24.356324 -24.057623 31.662452 -27.744596 -30.652971 44.702235 
-24.581842 -24.019882 31.620949 -28.176158 -30.621769 44.602139 
-24.807722 -23.974380 31.579687 -28.606714 -30.567219 44.507059 
-25.033297 -23.921182 31.538586 -29.036868 -30.496541 44.413028 
-25.257137 -23.860731 31.498052 -29.465878 -30.413573 44.318417 
-25.479106 -23.792852 31.457780 -29.890316 -30.312841 44.226724 
-25.698960 -23.717957 31.418170 -30.311917 -30.197151 44.136482 
-25.916861 -23.635830 31.379194 -30.727739 -30.065965 44.048983 
-26.132338 -23.546551 31.340685 -31.140933 -29.920422 43.962193 
-26.345696 -23.450227 31.302561 -31.547791 -29.758330 43.878757 
-26.556948 -23.346485 31.265399 -31.951910 -29.582405 43.796265 
-26.766309 -23.235511 31.228385 -32.351487 -29.390129 43.716032 
-26.971887 -23.117616 31.192579 -32.744212 -29.184733 43.637863 
-27.173730 -22.993153 31.157536 -33.128259 -28.964796 43.563082 
-27.371631 -22.862475 31.123505 -33.503016 -28.731620 43.491755 
-27.565335 -22.725219 31.090610 -33.869702 -28.485138 43.423195 
-27.754908 -22.581646 31.058806 -34.227416 -28.224731 43.358256 
-27.939616 -22.431808 31.028169 -34.575538 -27.952231 43.296165 
-28.119879 -22.276142 30.998846 -34.913884 -27.667381 43.237722 
-28.295414 -22.113799 30.970863 -35.242190 -27.370889 43.182310 
-28.466047 -21.945507 30.944211 -35.559171 -27.059598 43.132222 
-28.630530 -21.771654 30.919365 -35.862750 -26.739538 43.086077 
-28.789481 -21.592681 30.896011 -36.157399 -26.410571 43.041604 
-28.941881 -21.408597 30.874486 -36.433175 -26.066423 43.007037 
-29.088063 -21.219545 30.854889 -36.697787 -25.714967 42.974985 
-29.227840 -21.025456 30.837162 -36.949006 -25.354650 42.947282 
-29.360931 -20.826606 30.821446 -37.185221 -24.985066 42.925205 
-29.487200 -20.622647 30.807791 -37.406139 -24.604735 42.909312 
-29.606429 -20.413941 30.796573 -37.611925 -24.215448 42.899212 
-29.717804 -20.202167 30.787412 -37.800380 -23.820545 42.894945 
-29.821077 -19.987535 30.780687 -37.970910 -23.421164 42.896921 
-29.916016 -19.770662 30.776510 -38.124163 -23.018323 42.904657 
-30.002903 -19.550430 30.774697 -38.258798 -22.608824 42.919596 
-30.080915 -19.330039 30.775307 -38.375335 -22.200469 42.939896 
-30.155919 -19.088015 30.779035 -38.480685 -21.752394 42.969620 
-30.218873 -18.860134 30.784748 -38.560315 -21.331382 43.005180 
-30.321588 -18.390382 30.803580 -38.677110 -20.471777 43.088231 
-30.404939 -17.953422 30.813844 -38.770457 -19.680692 43.145278 
-30.479574 -17.509227 30.819932 -38.856906 -18.905594 43.186692 
-30.546591 -17.030204 30.820313 -38.949701 -18.023594 43.205639 
-30.579150 -16.748072 30.817120 -38.989639 -17.652144 43.206814 
-30.612673 -16.474764 30.816044 -39.080011 -16.672752 43.202756 
-30.701889 -15.375432 30.791343 -39.156090 -15.957570 43.167196 
-30.757341 -14.552900 30.785891 -39.214454 -14.927359 43.169896 
-30.889997 -12.527265 30.761318 -39.341115 -12.917325 43.147552 
-30.987272 -10.739654 30.744458 -39.435944 -11.053288 43.135005 
-31.079514 -8.779663 30.727897 -39.525182 -9.042842 43.121505 
-31.152410 -6.849550 30.714367 -39.595975 -7.056017 43.110532 
-31.209009 -4.911187 30.704042 -39.651263 -5.063272 43.101869 
-31.248734 -2.974889 30.696469 -39.690232 -3.072513 43.095362 
-31.271448 -1.037913 30.692084 -39.712898 -1.081576 43.091318 
-31.277073 0.899014 30.690794 -39.719165 0.908924 43.089661 
-31.266059 2.835918 30.692541 -39.709511 2.899638 43.090326 
-31.237890 4.772951 30.697641 -39.683376 4.891073 43.093634 
-31.192975 6.708927 30.705494 -39.641239 6.880877 43.098992 
-31.130804 8.648047 30.716383 -39.582340 8.877735 43.106621 
-31.053012 10.573602 30.730373 -39.509321 10.848403 43.116752 
-30.954126 12.546377 30.746928 -39.412768 12.917854 43.128241 
-30.858818 14.240376 30.765249 -39.330739 14.526283 43.143062 
-30.722377 16.204813 30.782780 -39.174727 16.944037 43.151511 
-30.685183 16.799981 30.797821 -39.178320 16.937999 43.170211 
-30.652892 17.108768 30.790420 -39.099387 18.118646 43.148791 
-30.620457 17.468885 30.788151 -39.079531 18.522441 43.127964 
-30.553385 18.050009 30.769074 -39.016184 19.727912 43.049955 
-30.519200 18.288700 30.754500 -39.002032 20.098582 42.992388 
];
