

----------------------刀尖点曲线--------------------------

样条阶数:  5 

节点向量
 U = [0.000000, 0.000000, 0.000000, 0.000000, 0.000000, 0.000000, 0.151015, 0.194338, 0.233164, 0.267698, ...
0.304295, 0.345862, 0.387027, 0.426986, 0.464529, 0.496727, 0.522568, 0.547584, 0.574884, 0.610309, ...
0.651012, 0.696804, 0.747051, 0.799529, 0.849422, 1.000000, 1.000000, 1.000000, 1.000000, 1.000000, ...
1.000000, ];

控制顶点
 Q = [ ... 
113.560775 7.735266 -2.209314 
116.360955 -3.329014 1.465110 
121.828121 -15.890567 -5.645651 
118.920715 -41.524173 5.898439 
99.566175 -62.972970 -0.225898 
90.927634 -66.633503 6.700347 
78.722153 -66.200100 7.278320 
70.710531 -60.231118 6.961858 
64.313632 -53.728637 5.701389 
56.445636 -39.941747 5.374695 
39.152723 -24.655539 3.062804 
35.367072 -19.600709 3.912465 
27.010731 -16.826092 2.030680 
23.015885 -15.844667 2.829038 
17.130298 -17.557139 -0.366204 
16.674738 -23.098947 -2.169484 
15.850063 -31.016181 -3.222139 
23.670246 -42.220048 -3.777425 
27.557053 -72.911228 -5.807970 
29.918976 -83.723513 -7.154343 
23.569182 -116.211760 -3.625178 
-8.060149 -117.680780 0.691392 
-22.125623 -121.097151 -2.213000 
-41.093445 -114.544656 2.294043 
-49.438878 -108.784390 2.089537 
];



----------------------刀尖l-u曲线参数--------------------------

弧长分段点：
0.000000 75.929079 99.533198 149.547263 169.546882 187.014763 224.011180 266.668224 344.791760

多项式系数：
24.881971 -105.262818 174.206806 -140.405520 54.672026 -7.698086 -0.546992 0.148847 0.191267 -0.000000 
-0.585650 4.847761 -13.505896 17.402275 -10.849140 2.735362 -0.003710 -0.029785 0.082532 0.187500 
-4.102548 22.339789 -48.135281 51.224138 -26.624507 4.873401 0.623386 -0.251000 0.193246 0.281250 
6.953707 -28.540534 45.205621 -33.936627 11.584603 -1.234381 0.002175 -0.006710 0.050272 0.421875 
-0.766777 5.077162 -12.584339 15.025654 -8.787653 1.962839 0.144132 -0.071191 0.093925 0.500000 
-2.521704 12.390786 -24.112291 22.898827 -9.965076 0.671860 0.873775 -0.305249 0.162822 0.593750 
-2.673121 12.429988 -23.374996 22.495526 -11.314339 2.458956 0.027176 -0.024662 0.084848 0.687500 
2.213547 -14.164200 34.406370 -40.794034 24.466710 -6.498320 0.260497 0.108942 0.203612 0.796875 


----------------------轴矢量曲线--------------------------

样条阶数:  5 

节点向量
 U = [0.000000, 0.000000, 0.000000, 0.000000, 0.000000, 0.000000, 0.151239, 0.194531, 0.232727, 0.266083, ...
0.301122, 0.341181, 0.381503, 0.421555, 0.459992, 0.493499, 0.520549, 0.546791, 0.575416, 0.612044, ...
0.653415, 0.699335, 0.749297, 0.800984, 0.849902, 1.000000, 1.000000, 1.000000, 1.000000, 1.000000, ...
1.000000, ];

控制顶点
 Q = [ ... 
-0.686767 -1.400813 
-0.684923 -1.499469 
-0.754033 -1.619758 
-0.711195 -1.809151 
-0.725451 -2.056991 
-0.669056 -2.134975 
-0.615941 -2.178155 
-0.567339 -2.189202 
-0.518345 -2.182816 
-0.435046 -2.105663 
-0.304778 -2.059174 
-0.268411 -1.980353 
-0.215422 -2.042994 
-0.188807 -2.073227 
-0.167576 -2.278841 
-0.191985 -2.448780 
-0.233017 -2.582265 
-0.314658 -2.551073 
-0.487731 -2.704976 
-0.545011 -2.716228 
-0.702964 -2.852619 
-0.702618 -3.116011 
-0.729242 -3.234667 
-0.727480 -3.398949 
-0.718406 -3.488707 
];



----------------------轴矢量l-w曲线参数--------------------------

分段点：
0.000000 19.318731 43.553036 67.711929 79.888288 86.937494 95.760917 104.473214 113.669635 132.835161 ...
155.990318 163.775811 169.629186 173.561912 177.811530 182.044522 187.948683 199.633641 230.132913 249.097479 ...
267.462905 286.799514 306.096594 325.452079 344.791760 

多项式系数：
0.000000 0.007224 0.014444 0.021657 0.028877 0.036204 0.043213 0.049982 ...
0.049982 0.058473 0.066587 0.074479 0.082448 0.090425 0.098363 0.106263 ...
0.106263 0.114137 0.121974 0.129774 0.137582 0.145330 0.153146 0.162730 ...
0.162730 0.167561 0.172841 0.178788 0.184546 0.190221 0.196125 0.203027 ...
0.203027 0.207023 0.211353 0.216168 0.220865 0.225661 0.230074 0.234195 ...
0.234195 0.239353 0.244052 0.248472 0.252970 0.257472 0.261967 0.266443 ...
0.266443 0.270862 0.275263 0.279633 0.284015 0.288375 0.292786 0.297240 ...
0.297240 0.301941 0.306690 0.311479 0.316250 0.321137 0.325501 0.329508 ...
0.329508 0.337859 0.344659 0.351411 0.358206 0.365079 0.371736 0.378223 ...
0.378223 0.386061 0.393652 0.401076 0.408558 0.416035 0.423203 0.434489 ...
0.434489 0.438284 0.442544 0.447437 0.452494 0.457580 0.462781 0.468053 ...
0.468053 0.472016 0.476020 0.480045 0.484092 0.488198 0.492685 0.497504 ...
0.497504 0.500742 0.504129 0.507651 0.511230 0.514807 0.518298 0.521691 ...
0.521691 0.525358 0.528909 0.532327 0.535672 0.538993 0.542352 0.545757 ...
0.545757 0.549150 0.552588 0.556080 0.559568 0.563035 0.566426 0.569741 ...
0.569741 0.574364 0.578838 0.583157 0.587408 0.591678 0.595599 0.599263 ...
0.599263 0.606514 0.612758 0.618703 0.624741 0.630769 0.635986 0.640627 ...
0.640627 0.652742 0.660941 0.669435 0.677949 0.686379 0.695024 0.704832 ...
0.704832 0.710930 0.717478 0.724705 0.731702 0.738703 0.745677 0.752614 ...
0.752614 0.759332 0.766015 0.772654 0.779309 0.785950 0.792629 0.799337 ...
0.799337 0.806399 0.813493 0.820606 0.827716 0.834815 0.841937 0.849074 ...
0.849074 0.856197 0.863333 0.870473 0.877616 0.884749 0.891901 0.899061 ...
0.899061 0.906243 0.913434 0.920624 0.927818 0.935002 0.942207 0.949424 ...
0.949424 0.956635 0.963859 0.971085 0.978315 0.985538 0.992767 1.000000 ...
