初始点坐标: [0.000000 0.000000 0.000000]

初始向量: [0.000000 0.000000 1.000000]

样条阶数：  3

节点向量
 U = [0.000000, 0.000000, 0.000000, 0.000000, 0.074903, 0.102453, 0.123216, 0.144826, 0.167375, 0.189030, ...
0.213760, 0.237290, 0.258669, 0.276824, 0.296877, 0.323910, 0.352980, 0.383138, 0.412395, 0.439721, ...
0.459982, 0.470122, 0.475145, 0.481153, 0.487147, 0.492116, 0.495056, 0.500029, 0.506081, 0.517264, ...
0.532469, 0.554699, 0.580550, 0.606291, 0.629917, 0.652776, 0.676677, 0.698641, 0.717722, 0.733919, ...
0.751227, 0.769669, 0.790282, 0.812060, 0.835031, 0.857048, 0.879218, 0.908562, 0.944778, 1.000000, ...
1.000000, 1.000000, 1.000000, ];

控制对偶四元数
 CQ = [ ... 
0.984868 0.172273 -0.018874 0.000000 6.788926 -37.982393 7.568856 -57.910609 
0.983456 0.184337 0.016603 0.000000 6.374171 -34.544557 6.660875 -59.647004 
0.977064 0.208530 0.060152 0.000000 6.093379 -29.747866 4.783803 -61.411010 
0.964869 0.242691 0.102427 0.000000 5.908282 -24.290703 1.984709 -62.872857 
0.956580 0.263642 0.125378 0.000000 5.808969 -21.175555 0.265479 -63.807382 
0.948680 0.281906 0.144177 0.000000 5.706616 -18.537755 -1.254257 -64.590444 
0.939574 0.301568 0.162952 0.000000 5.588978 -15.816436 -2.900829 -65.476647 
0.928863 0.323086 0.182042 0.000000 5.430204 -12.929125 -4.705428 -66.452561 
0.917306 0.345044 0.199566 0.000000 5.250888 -10.145170 -6.537713 -67.502047 
0.904635 0.367465 0.216583 0.000000 5.024961 -7.394073 -8.394548 -68.605533 
0.892226 0.388273 0.231117 0.000000 4.789032 -4.980565 -10.082368 -69.655192 
0.879627 0.408678 0.243867 0.000000 4.533705 -2.752681 -11.703562 -70.671761 
0.864892 0.431756 0.256742 0.000000 4.222478 -0.400993 -13.492353 -71.842993 
0.845892 0.459945 0.271105 0.000000 3.765878 2.335881 -15.626421 -73.126288 
0.822482 0.492786 0.285165 0.000000 3.146510 5.405464 -18.314536 -74.099409 
0.797136 0.526313 0.297038 0.000000 2.302115 8.522692 -21.170089 -74.787611 
0.770379 0.559138 0.307395 0.000000 1.343667 11.471336 -24.137691 -74.916683 
0.745130 0.589626 0.312447 0.000000 0.503629 13.754728 -27.083627 -74.727781 
0.724816 0.613978 0.312896 0.000000 -0.093946 15.144520 -29.468826 -74.252506 
0.710865 0.630554 0.311683 0.000000 -0.462835 15.837898 -30.976329 -73.666247 
0.705325 0.637494 0.310016 0.000000 -0.588216 16.197243 -31.967236 -73.848750 
0.702994 0.640872 0.308378 0.000000 -0.618253 16.405904 -32.682946 -74.214779 
0.703084 0.641601 0.306617 0.000000 -0.545570 16.502751 -33.281050 -74.814130 
0.704521 0.640722 0.305179 0.000000 -0.427486 16.498082 -33.649429 -75.373652 
0.707788 0.637704 0.303927 0.000000 -0.179746 16.304866 -33.791039 -75.928951 
0.712809 0.632448 0.303240 0.000000 0.173261 15.894571 -33.549951 -76.317086 
0.719915 0.624454 0.302994 0.000000 0.664462 15.175649 -32.843754 -76.448443 
0.729543 0.613344 0.302873 0.000000 1.277616 14.164452 -31.731535 -76.468975 
0.746517 0.594251 0.299746 0.000000 1.952275 12.671969 -29.939994 -76.744144 
0.766876 0.571314 0.293126 0.000000 2.791251 10.585341 -27.853738 -76.915406 
0.788668 0.546012 0.283354 0.000000 3.826796 7.799055 -25.595804 -76.566179 
0.809799 0.518290 0.275758 0.000000 4.530691 5.333790 -23.250820 -76.033022 
0.829493 0.490637 0.267551 0.000000 5.113647 2.851014 -21.014144 -75.172998 
0.847901 0.464428 0.256421 0.000000 5.583632 0.309607 -18.960061 -74.152995 
0.864308 0.440011 0.244293 0.000000 5.954025 -2.147707 -17.140596 -72.859790 
0.878537 0.417871 0.231966 0.000000 6.239783 -4.493632 -15.492906 -71.541161 
0.890249 0.399019 0.220041 0.000000 6.445918 -6.629367 -14.026647 -70.453014 
0.900423 0.382209 0.208124 0.000000 6.610781 -8.645035 -12.696456 -69.480893 
0.909950 0.365863 0.195743 0.000000 6.746678 -10.673860 -11.380465 -68.560861 
0.919674 0.348363 0.181815 0.000000 6.867941 -12.914564 -9.955564 -67.601507 
0.929493 0.329778 0.165965 0.000000 6.972250 -15.385349 -8.428368 -66.622043 
0.939288 0.310204 0.147640 0.000000 7.059961 -18.110187 -6.809110 -65.626041 
0.948474 0.290586 0.127545 0.000000 7.127633 -20.956099 -5.194660 -64.662526 
0.956793 0.271201 0.106158 0.000000 7.177313 -23.885867 -3.604329 -63.727333 
0.964750 0.251122 0.081494 0.000000 7.235813 -27.124193 -1.958788 -62.736105 
0.972712 0.228388 0.048162 0.000000 7.342363 -31.206782 -0.092438 -61.538980 
0.979461 0.204836 0.000913 0.000000 7.635959 -36.451038 1.785725 -59.529568 
0.981149 0.190714 -0.044218 0.000000 8.086785 -40.922049 2.879962 -57.306384 
0.979933 0.184856 -0.074564 0.000000 8.436745 -43.397647 3.287768 -55.744230 
];
