初始点坐标: [1.000000 0.000000 0.000000]

初始向量: [0.577350 0.577350 0.577350]

样条阶数：  3

节点向量
 U = [0.000000, 0.000000, 0.000000, 0.000000, 0.101790, 0.149593, 0.189905, 0.224439, 0.258148, 0.293778, ...
0.335230, 0.384127, 0.431950, 0.471831, 0.500250, 0.525434, 0.548867, 0.574016, 0.604828, 0.649728, ...
0.702396, 0.758095, 0.807993, 0.856410, 0.904113, 1.000000, 1.000000, 1.000000, 1.000000, ];

控制对偶四元数
 CQ = [ ... 
0.934165 0.045858 -0.272110 0.226252 1.278549 -53.149615 
0.945675 0.034148 -0.246407 0.212259 2.464292 -54.551719 
0.966781 0.019139 -0.195559 0.176420 4.281790 -55.538257 
0.983487 0.043968 -0.146242 0.102274 6.571947 -48.880979 
0.987321 0.061416 -0.130177 0.068761 7.256158 -44.766804 
0.986253 0.080978 -0.134422 0.053444 8.228216 -42.064978 
0.983771 0.099814 -0.143211 0.043396 8.814030 -37.794456 
0.980360 0.116773 -0.154783 0.038010 9.011410 -34.012259 
0.975554 0.134178 -0.170992 0.036814 9.078061 -30.724171 
0.964489 0.163089 -0.206830 0.043741 8.819688 -25.586790 
0.944644 0.208984 -0.250701 0.041718 7.152883 -18.004448 
0.936006 0.227856 -0.265873 0.038017 6.230663 -15.006744 
0.929503 0.245581 -0.273885 0.028303 5.460550 -11.938230 
0.925980 0.256380 -0.276563 0.020183 5.013737 -10.088769 
0.924546 0.265429 -0.273431 0.008001 4.700080 -7.927028 
0.926854 0.267240 -0.263857 -0.003383 4.961853 -7.029246 
0.933081 0.262974 -0.245214 -0.017760 5.598826 -7.041370 
0.946560 0.241946 -0.214951 -0.026994 7.006866 -9.655021 
0.967007 0.205104 -0.145102 -0.060001 8.099933 -14.288459 
0.972605 0.189864 -0.110008 -0.079856 7.741639 -16.794571 
0.975881 0.178688 -0.068400 -0.110287 6.032421 -16.780933 
0.966828 0.198821 -0.039935 -0.158886 3.127409 -11.828416 
0.947162 0.241343 -0.026029 -0.215314 -0.514468 -3.218599 
0.926317 0.281047 -0.028837 -0.252210 -3.875194 3.902720 
0.911792 0.309244 -0.042401 -0.266843 -5.771465 8.436396 
];
