

----------------------刀尖点曲线--------------------------

L = [...
19.347524 24.163214 24.168150 12.209948 7.024634 8.840398 8.705302 9.195265 19.167063 23.189133 7.767306 5.861121 3.927859 4.255231 4.214220 5.920577 11.683405 30.512475 18.980558 18.355509 19.292513 19.330680 19.344432 19.310334 
]

C = [...
113.560775 0.427978 -0.013088 0.000130 -0.000000 0.000000 
7.735266 -0.902133 -0.004745 0.000011 0.000006 -0.000000 
-2.209314 0.054696 0.000722 -0.000008 -0.000000 0.000000 
117.864949 0.064423 -0.005688 -0.000019 -0.000002 0.000000 
-10.950074 -0.995617 -0.000464 0.000032 -0.000000 0.000000 
-0.974065 0.067797 -0.000019 0.000008 0.000000 -0.000000 
115.502860 -0.288326 -0.008810 0.000011 0.000003 -0.000000 
-34.808781 -0.953984 0.002871 0.000026 0.000000 -0.000000 
0.779567 0.082356 0.000567 -0.000031 0.000000 0.000000 
104.086026 -0.624054 -0.005573 -0.000272 0.000003 0.000000 
-55.840098 -0.779185 0.003507 0.000245 0.000029 -0.000001 
2.682644 0.058545 -0.001484 0.000450 0.000006 -0.000000 
95.225652 -0.852539 -0.011662 0.001329 -0.000198 0.000011 
-63.959571 -0.462334 0.023784 0.000661 -0.000110 0.000006 
4.073524 0.243769 0.016378 -0.001897 0.000056 -0.000003 
88.820589 -0.965716 -0.005738 0.000419 0.000011 -0.000001 
-65.972318 -0.111607 0.025433 -0.000157 -0.000005 0.000000 
6.021818 0.234385 -0.017344 0.000424 0.000000 -0.000000 
80.162816 -0.955036 0.006734 0.000159 0.000002 0.000000 
-65.096397 0.295241 0.020674 -0.000270 0.000009 -0.000000 
7.031464 0.027181 -0.006099 0.000098 -0.000002 0.000000 
72.478246 -0.794901 0.012124 -0.000225 -0.000006 0.000000 
-61.109537 0.603810 0.014517 -0.000431 -0.000002 0.000000 
6.863103 -0.059553 -0.003852 0.000196 0.000000 -0.000000 
65.985754 -0.642370 0.004050 -0.000140 0.000001 -0.000000 
-54.666365 0.762155 0.003096 -0.000079 -0.000001 0.000000 
6.143037 -0.080497 0.001534 -0.000035 0.000000 -0.000000 
54.251993 -0.627112 -0.003100 -0.000012 0.000001 -0.000000 
-39.568096 0.776784 -0.002518 -0.000012 -0.000000 0.000000 
4.931174 -0.057766 -0.000331 0.000009 0.000000 -0.000000 
38.038952 -0.770840 -0.003291 -0.000380 -0.000003 0.000001 
-23.111532 0.634449 -0.003439 -0.000596 -0.000016 0.000001 
3.536073 -0.057276 0.000337 -0.000194 -0.000002 0.000000 
31.679054 -0.886619 -0.010694 0.000401 0.000010 -0.000002 
-18.711329 0.454010 -0.020391 -0.000329 0.000046 -0.000003 
3.017623 -0.088219 -0.004240 0.000504 -0.000001 -0.000000 
26.192567 -0.975416 -0.005945 -0.000249 0.000550 -0.000051 
-16.781277 0.202424 -0.022020 -0.002281 -0.000152 0.000015 
2.454873 -0.087111 0.004289 -0.004546 0.000024 -0.000002 
22.337845 -0.960860 0.011196 0.006617 -0.001006 0.000099 
-16.486398 -0.095287 -0.053975 0.000978 -0.000764 0.000076 
1.907427 -0.260133 -0.048130 0.005772 -0.000607 0.000060 
18.769843 -0.654052 0.062593 0.000285 -0.000707 0.000061 
-17.937940 -0.612000 -0.065764 0.005142 -0.000106 0.000000 
0.258718 -0.444604 0.005980 0.002787 -0.000361 0.000029 
17.004164 -0.227253 0.036281 -0.001149 0.000094 -0.000006 
-21.333422 -0.923841 -0.011933 0.000069 0.000148 -0.000008 
-1.375463 -0.308016 0.024485 -0.001427 0.000080 -0.000005 
16.763098 0.121994 0.022932 -0.000763 -0.000004 0.000000 
-27.082862 -0.983779 0.003931 -0.000070 -0.000003 0.000000 
-2.573817 -0.131513 0.005874 -0.000152 -0.000002 0.000000 
20.059322 0.333971 -0.004607 0.000045 -0.000000 0.000000 
-38.210737 -0.940458 -0.001002 -0.000027 0.000002 -0.000000 
-3.573619 -0.063264 -0.000112 -0.000001 0.000000 -0.000000 
26.991221 0.150854 -0.001440 -0.000184 0.000000 -0.000000 
-67.786318 -0.986370 -0.000399 -0.000061 0.000005 -0.000000 
-5.570258 -0.065702 0.000039 0.000087 0.000000 -0.000000 
28.080737 -0.102235 -0.011920 0.000044 -0.000010 0.000000 
-86.648047 -0.994295 -0.000134 0.000317 -0.000009 0.000000 
-6.205088 0.030414 0.005034 -0.000103 0.000002 -0.000000 
21.813110 -0.609852 -0.015242 0.000291 -0.000003 0.000000 
-103.571377 -0.780619 0.012588 0.000093 -0.000010 0.000000 
-4.442501 0.136802 0.000650 -0.000087 0.000002 -0.000000 
6.156323 -0.931819 -0.002315 -0.000090 0.000008 -0.000000 
-114.179587 -0.351542 0.008916 -0.000087 0.000003 -0.000000 
-2.044104 0.090179 -0.002925 0.000082 -0.000001 0.000000 
-12.661488 -0.996906 -0.000608 0.000070 -0.000002 0.000000 
-117.988771 -0.054580 0.006596 0.000033 0.000000 -0.000000 
-0.872310 0.056567 0.001145 -0.000020 0.000000 -0.000000 
-31.816238 -0.967510 0.002136 0.000045 -0.000001 0.000000 
-116.324006 0.239861 0.008608 -0.000042 -0.000000 0.000000 
0.514512 0.079947 0.000061 0.000001 0.000000 -0.000000 
]

----------------------刀轴矢量曲线--------------------------

D = [...
0.109207 0.138470 0.139388 0.070987 0.127356 0.090700 0.041461 0.045519 0.103741 0.138395 0.049246 0.037917 0.025574 0.050588 0.000049 0.075939 0.108763 0.075750 0.099808 0.051116 0.215943 0.212567 0.110880 0.111819 ]

V = [...
-0.107258 -0.087367 -0.066938 -0.045695 -0.024487 -0.003002 
0.624902 0.632957 0.639862 0.645281 0.649845 0.653008 
0.773300 0.769241 0.765569 0.762577 0.759672 0.757345 
-0.003002 0.024241 0.051885 0.080064 0.107786 0.135034 
0.653008 0.656570 0.657873 0.655925 0.653720 0.648777 
0.757345 0.753875 0.751339 0.750568 0.749021 0.748902 
0.135034 0.162358 0.189151 0.213819 0.240286 0.263922 
0.648777 0.643299 0.635055 0.621500 0.611100 0.596758 
0.748902 0.748202 0.748951 0.753670 0.754201 0.757776 
0.263922 0.275881 0.287098 0.292392 0.307566 0.317154 
0.596758 0.589275 0.580777 0.567873 0.561760 0.551822 
0.757776 0.759371 0.761756 0.769433 0.768003 0.771301 
0.317154 0.322859 0.326566 0.327027 0.328577 0.329520 
0.551822 0.545824 0.538463 0.530562 0.523326 0.516103 
0.771301 0.773200 0.776796 0.782022 0.786236 0.790603 
0.329520 0.330504 0.330792 0.330711 0.328871 0.326785 
0.516103 0.508330 0.500573 0.492525 0.485258 0.478040 
0.790603 0.795216 0.800003 0.805015 0.810165 0.815285 
0.326785 0.324859 0.322728 0.320278 0.317229 0.313696 
0.478040 0.471422 0.464846 0.458269 0.452040 0.446069 
0.815285 0.819895 0.824479 0.829103 0.833682 0.838223 
0.313696 0.309792 0.305307 0.300616 0.294637 0.288698 
0.446069 0.439478 0.433197 0.426730 0.421640 0.416448 
0.838223 0.843142 0.848014 0.852954 0.857560 0.862105 
0.288698 0.275075 0.261674 0.250802 0.233056 0.217010 
0.416448 0.404487 0.392008 0.375602 0.367826 0.357492 
0.862105 0.872195 0.881962 0.892201 0.900216 0.908354 
0.217010 0.195460 0.176968 0.168430 0.145810 0.129479 
0.357492 0.343467 0.324911 0.298235 0.282573 0.261821 
0.908354 0.918600 0.929040 0.939514 0.948099 0.956391 
0.129479 0.123643 0.118607 0.116188 0.109879 0.105499 
0.261821 0.254388 0.246314 0.236819 0.229368 0.220895 
0.956391 0.959166 0.961905 0.964581 0.967118 0.969575 
0.105499 0.102120 0.099885 0.099674 0.097684 0.096827 
0.220895 0.214357 0.207214 0.199545 0.192324 0.184942 
0.969575 0.971402 0.973183 0.974806 0.976458 0.977968 
0.096827 0.096246 0.096179 0.097670 0.097166 0.097931 
0.184942 0.179957 0.174899 0.169908 0.164740 0.159739 
0.977968 0.978955 0.979877 0.980608 0.981539 0.982290 
0.097931 0.098686 0.100684 0.104727 0.107199 0.110602 
0.159739 0.154783 0.149992 0.146217 0.141636 0.137889 
0.982290 0.983007 0.983547 0.983693 0.984097 0.984253 
0.110602 0.113979 0.118272 0.123619 0.128528 0.133457 
0.137889 0.134164 0.131262 0.129316 0.128336 0.127499 
0.984253 0.984382 0.984267 0.983868 0.983367 0.982819 
0.133457 0.140918 0.148423 0.156590 0.163852 0.171104 
0.127499 0.126225 0.125279 0.124094 0.125915 0.127727 
0.982819 0.981942 0.980957 0.979837 0.978416 0.976939 
0.171104 0.185313 0.199481 0.215837 0.227007 0.238991 
0.127727 0.131263 0.134762 0.136128 0.145407 0.153346 
0.976939 0.973873 0.970591 0.966894 0.962977 0.958837 
0.238991 0.267638 0.300939 0.337785 0.368175 0.399932 
0.153346 0.172328 0.183484 0.179293 0.193622 0.201303 
0.958837 0.947984 0.935825 0.923989 0.909372 0.894165 
0.399932 0.417300 0.435066 0.453347 0.470537 0.487937 
0.201303 0.205446 0.207544 0.204292 0.208199 0.208205 
0.894165 0.885241 0.876152 0.867607 0.857466 0.847684 
0.487937 0.504392 0.521025 0.536451 0.552880 0.567908 
0.208205 0.208133 0.204494 0.194053 0.190204 0.182153 
0.847684 0.838015 0.828683 0.821319 0.811262 0.802683 
0.567908 0.584688 0.599648 0.612165 0.620805 0.628723 
0.182153 0.172949 0.158357 0.137752 0.118255 0.098457 
0.802683 0.792609 0.784439 0.778639 0.774995 0.771372 
0.628723 0.636421 0.643375 0.650984 0.652711 0.654180 
0.098457 0.078413 0.058085 0.036885 0.015123 -0.006643 
0.771372 0.767345 0.763345 0.758194 0.757456 0.756310 
0.654180 0.655352 0.656256 0.656356 0.655054 0.651997 
-0.006643 -0.028734 -0.050804 -0.073077 -0.095254 -0.117213 
0.756310 0.754777 0.752826 0.750904 0.749554 0.749107 
0.651997 0.648590 0.643401 0.637206 0.628231 0.618930 
-0.117213 -0.139300 -0.161139 -0.183316 -0.203662 -0.223905 
0.749107 0.748283 0.748377 0.748575 0.750898 0.752856 
]

----------------------参数同步曲线--------------------------

u = [...
0.000000 0.109207 0.247676 0.387064 0.458051 0.585407 0.676106 0.717567 0.763086 0.866828 1.005222 1.054468 1.092385 1.117959 1.168548 1.168597 1.244535 1.353298 1.429047 1.528856 1.579972 1.795915 2.008482 2.119361 2.231180 ]

h = [...
0.005642 0.013824 0.004358 0.004114 0.012649 0.016616 0.006139 0.004443 0.005238 0.005659 0.006116 0.006850 0.005131 0.011430 0.000282 0.000217 0.017110 0.004588 0.003751 0.003344 0.005052 0.013720 0.007620 0.005306 0.005792 
]