初始点坐标: [1.000000 0.000000 0.000000]

初始向量: [0.577350 0.577350 0.577350]

样条阶数：  3

节点向量
 U = [0.000000, 0.000000, 0.000000, 0.000000, 0.003972, 0.005922, 0.007844, 0.009738, 0.011601, 0.013440, ...
0.015242, 0.017015, 0.018745, 0.020441, 0.022100, 0.023730, 0.025327, 0.026893, 0.028425, 0.029926, ...
0.031397, 0.032840, 0.034257, 0.035651, 0.037024, 0.038378, 0.039715, 0.041039, 0.042355, 0.043666, ...
0.044973, 0.046280, 0.047589, 0.048909, 0.050244, 0.051594, 0.052959, 0.054337, 0.055738, 0.057157, ...
0.058603, 0.060071, 0.061566, 0.063084, 0.064624, 0.066190, 0.067782, 0.069405, 0.071057, 0.072739, ...
0.074446, 0.076182, 0.077948, 0.079744, 0.081563, 0.083409, 0.085280, 0.087182, 0.089113, 0.091351, ...
0.093873, 0.096637, 0.099337, 0.101954, 0.104486, 0.106924, 0.109271, 0.111538, 0.113750, 0.115725, ...
0.117504, 0.119441, 0.121426, 0.123467, 0.125813, 0.128778, 0.132330, 0.135874, 0.139415, 0.142954, ...
0.146489, 0.150020, 0.153547, 0.157070, 0.160591, 0.164109, 0.167625, 0.171137, 0.174650, 0.178164, ...
0.181684, 0.185216, 0.188768, 0.192341, 0.195939, 0.199565, 0.203220, 0.206906, 0.210625, 0.214376, ...
0.218160, 0.221979, 0.225834, 0.229728, 0.233661, 0.237634, 0.241648, 0.245706, 0.249812, 0.253556, ...
0.256932, 0.259928, 0.262948, 0.265993, 0.269066, 0.272165, 0.275293, 0.278449, 0.281633, 0.284848, ...
0.288094, 0.291373, 0.294687, 0.298039, 0.301431, 0.304866, 0.308346, 0.311875, 0.315455, 0.319089, ...
0.322258, 0.324909, 0.327026, 0.329115, 0.331213, 0.333315, 0.335419, 0.337525, 0.339926, 0.342334, ...
0.344755, 0.346895, 0.349040, 0.351193, 0.353350, 0.355509, 0.357664, 0.359817, 0.361969, 0.364112, ...
0.366243, 0.368360, 0.370466, 0.372551, 0.374605, 0.376621, 0.378597, 0.380536, 0.382443, 0.384318, ...
0.386162, 0.387969, 0.389743, 0.391483, 0.393195, 0.394884, 0.396554, 0.398201, 0.399817, 0.401409, ...
0.402980, 0.404537, 0.406081, 0.407615, 0.409139, 0.410650, 0.412147, 0.413635, 0.415119, 0.416596, ...
0.418070, 0.419543, 0.421016, 0.422488, 0.423960, 0.425432, 0.426903, 0.428372, 0.429845, 0.431321, ...
0.432803, 0.434290, 0.435784, 0.437286, 0.438798, 0.440322, 0.441858, 0.443403, 0.444961, 0.446531, ...
0.448117, 0.449719, 0.451342, 0.452987, 0.454653, 0.456343, 0.458057, 0.459795, 0.461563, 0.463363, ...
0.465197, 0.467060, 0.468948, 0.470865, 0.472819, 0.474811, 0.476839, 0.478896, 0.480985, 0.483108, ...
0.485265, 0.487448, 0.489657, 0.492216, 0.495133, 0.498409, 0.501716, 0.505043, 0.508369, 0.511670, ...
0.514916, 0.517784, 0.520282, 0.522422, 0.524526, 0.526598, 0.528647, 0.530678, 0.532500, 0.534119, ...
0.535542, 0.536979, 0.538833, 0.541456, 0.544815, 0.548483, 0.552086, 0.555629, 0.559117, 0.562555, ...
0.565947, 0.569294, 0.572601, 0.575869, 0.579101, 0.582299, 0.585465, 0.588600, 0.591706, 0.594784, ...
0.597837, 0.600865, 0.604277, 0.608065, 0.612216, 0.616315, 0.620364, 0.624369, 0.628334, 0.632260, ...
0.636149, 0.640000, 0.643816, 0.647601, 0.651354, 0.655078, 0.658771, 0.662436, 0.666072, 0.669681, ...
0.673262, 0.676819, 0.680358, 0.683890, 0.687426, 0.690964, 0.694503, 0.698037, 0.701569, 0.705098, ...
0.708628, 0.712160, 0.715693, 0.719229, 0.722766, 0.726306, 0.729850, 0.733398, 0.736590, 0.739483, ...
0.741754, 0.743549, 0.744950, 0.746485, 0.748389, 0.750561, 0.752833, 0.755220, 0.757706, 0.760277, ...
0.762908, 0.765298, 0.767417, 0.769238, 0.771027, 0.772784, 0.774519, 0.776236, 0.777936, 0.779627, ...
0.781314, 0.783005, 0.784704, 0.786420, 0.788156, 0.789915, 0.791695, 0.793499, 0.795330, 0.797189, ...
0.799079, 0.801000, 0.802953, 0.804937, 0.806953, 0.809002, 0.811079, 0.813182, 0.815311, 0.817464, ...
0.819641, 0.821844, 0.824072, 0.826325, 0.828597, 0.830882, 0.833180, 0.835491, 0.837814, 0.840147, ...
0.842486, 0.844833, 0.847181, 0.849530, 0.851874, 0.854215, 0.856547, 0.858870, 0.861182, 0.863484, ...
0.865769, 0.868032, 0.870266, 0.872471, 0.874646, 0.876792, 0.878905, 0.881261, 0.883854, 0.886686, ...
0.889485, 0.891994, 0.894515, 0.897333, 0.900710, 0.904859, 0.909503, 0.914650, 0.919798, 0.924946, ...
0.930095, 0.935245, 0.940394, 0.945545, 0.950695, 0.955845, 0.960995, 0.966145, 0.971294, 0.976442, ...
0.981587, 0.985890, 0.989515, 0.992068, 0.994669, 1.000000, 1.000000, 1.000000, 1.000000, ];

控制对偶四元数
 CQ = [ ... 
0.780987 0.251374 -0.509924 0.258549 -4.705198 2.061420 
0.782261 0.247332 -0.508591 0.261259 -4.624118 2.048559 
0.784350 0.241315 -0.506334 0.265019 -4.504125 2.033476 
0.787415 0.233352 -0.502886 0.269534 -4.344786 2.019495 
0.789898 0.227509 -0.500045 0.272535 -4.228625 2.014919 
0.792579 0.221795 -0.496934 0.275139 -4.116250 2.016590 
0.795290 0.216153 -0.493724 0.277572 -4.003906 2.018397 
0.798299 0.210712 -0.490153 0.279441 -3.898738 2.029997 
0.801168 0.205346 -0.486663 0.281317 -3.791794 2.036626 
0.804327 0.200234 -0.482828 0.282594 -3.693241 2.053664 
0.807471 0.195254 -0.478954 0.283700 -3.595976 2.070882 
0.810787 0.190528 -0.474862 0.284334 -3.505887 2.094793 
0.814124 0.185965 -0.470702 0.284737 -3.418549 2.119930 
0.817527 0.181600 -0.466432 0.284832 -3.335815 2.147610 
0.820985 0.177402 -0.462059 0.284657 -3.256362 2.178358 
0.824512 0.173420 -0.457576 0.284156 -3.182151 2.211346 
0.828083 0.169646 -0.453012 0.283366 -3.112250 2.247776 
0.831688 0.166118 -0.448379 0.282261 -3.048122 2.286500 
0.835267 0.162742 -0.443736 0.280993 -2.986326 2.325712 
0.838877 0.159605 -0.439032 0.279427 -2.930029 2.367361 
0.842502 0.156695 -0.434280 0.277586 -2.878809 2.410831 
0.846128 0.153997 -0.429498 0.275501 -2.832048 2.456399 
0.849741 0.151493 -0.424695 0.273202 -2.789173 2.502946 
0.853340 0.149257 -0.419890 0.270633 -2.752404 2.551406 
0.856911 0.147181 -0.415077 0.267896 -2.718489 2.599909 
0.860460 0.145381 -0.410272 0.264890 -2.690910 2.649995 
0.863973 0.143761 -0.405471 0.261710 -2.666742 2.700782 
0.867435 0.142468 -0.400724 0.258256 -2.650197 2.752900 
0.870843 0.141295 -0.395995 0.254700 -2.635334 2.805033 
0.874220 0.140241 -0.391255 0.251014 -2.622298 2.856268 
0.877493 0.139623 -0.386656 0.247033 -2.619779 2.908909 
0.880762 0.138949 -0.381976 0.243027 -2.614272 2.961160 
0.883935 0.138695 -0.377423 0.238728 -2.618828 3.014022 
0.887044 0.138630 -0.372912 0.234282 -2.627095 3.067119 
0.890102 0.138695 -0.368413 0.229718 -2.637394 3.119808 
0.893039 0.139058 -0.364055 0.224997 -2.654259 3.171944 
0.895940 0.139498 -0.359678 0.220180 -2.671712 3.223482 
0.898627 0.140445 -0.355616 0.215170 -2.701406 3.273824 
0.901343 0.141330 -0.351411 0.210081 -2.727849 3.324052 
0.903886 0.142600 -0.347439 0.204839 -2.763258 3.373529 
0.906344 0.144036 -0.343530 0.199495 -2.801584 3.422005 
0.908713 0.145664 -0.339695 0.194032 -2.843496 3.469508 
0.910951 0.147523 -0.336003 0.188480 -2.890032 3.515383 
0.913068 0.149592 -0.332437 0.182846 -2.940642 3.559701 
0.915065 0.151885 -0.328995 0.177110 -2.995684 3.602671 
0.916946 0.154375 -0.325663 0.171288 -3.054311 3.644004 
0.918652 0.157173 -0.322556 0.165382 -3.119660 3.683429 
0.920237 0.160163 -0.319564 0.159401 -3.188337 3.720841 
0.921695 0.163351 -0.316698 0.153347 -3.260570 3.756437 
0.923001 0.166781 -0.314003 0.147222 -3.337409 3.789649 
0.924146 0.170461 -0.311492 0.141031 -3.419082 3.820191 
0.925143 0.174336 -0.309139 0.134803 -3.504144 3.848464 
0.925944 0.178481 -0.307030 0.128548 -3.594768 3.873658 
0.926620 0.182753 -0.305033 0.122280 -3.686725 3.896372 
0.927091 0.187312 -0.303291 0.115979 -3.784459 3.915547 
0.927386 0.192037 -0.301764 0.109727 -3.884802 3.931130 
0.927491 0.197427 -0.300348 0.102921 -3.998417 3.944416 
0.927417 0.202686 -0.299236 0.096550 -4.108549 3.953012 
0.926656 0.213891 -0.297718 0.083827 -4.340553 3.958913 
0.925639 0.223832 -0.296463 0.072631 -4.540011 3.951229 
0.924464 0.233940 -0.294948 0.061008 -4.734017 3.932633 
0.923092 0.243420 -0.293590 0.050170 -4.908335 3.901263 
0.921688 0.252122 -0.292191 0.040069 -5.057995 3.858135 
0.920365 0.259911 -0.290646 0.030735 -5.180370 3.806539 
0.919158 0.266755 -0.289020 0.022265 -5.275768 3.746558 
0.918274 0.272509 -0.286929 0.014420 -5.340784 3.685242 
0.917772 0.276760 -0.284718 0.007958 -5.372976 3.626249 
0.917809 0.280287 -0.281191 0.000905 -5.384794 3.583527 
0.918042 0.280991 -0.279745 -0.001246 -5.357161 3.536794 
0.918567 0.284130 -0.274664 -0.009465 -5.413980 3.613737 
0.919135 0.281246 -0.275802 -0.005444 -5.250648 3.413207 
0.920272 0.281324 -0.271794 -0.009531 -5.219193 3.424046 
0.920701 0.280349 -0.271353 -0.008996 -5.144661 3.334931 
0.923179 0.278030 -0.265141 -0.012889 -4.927158 3.128224 
0.925021 0.275911 -0.260747 -0.015164 -4.745223 2.930592 
0.927210 0.273492 -0.255283 -0.018208 -4.538425 2.699942 
0.929278 0.271079 -0.250064 -0.021015 -4.340575 2.464542 
0.931343 0.268586 -0.244767 -0.023820 -4.144685 2.220645 
0.933326 0.266150 -0.239528 -0.026622 -3.954675 1.968558 
0.935283 0.263644 -0.234290 -0.029354 -3.768177 1.709765 
0.937189 0.261123 -0.229083 -0.032040 -3.586105 1.443941 
0.939049 0.258583 -0.223906 -0.034677 -3.408233 1.171105 
0.940850 0.256051 -0.218776 -0.037275 -3.234904 0.891367 
0.942622 0.253468 -0.213648 -0.039819 -3.065157 0.605521 
0.944328 0.250915 -0.208584 -0.042331 -2.900299 0.313414 
0.945994 0.248335 -0.203547 -0.044788 -2.739265 0.015604 
0.947595 0.245795 -0.198577 -0.047218 -2.582757 -0.288411 
0.949172 0.243190 -0.193616 -0.049574 -2.429196 -0.597891 
0.950642 0.240756 -0.188738 -0.052019 -2.281384 -0.914356 
0.952056 0.238324 -0.183983 -0.054341 -2.135800 -1.239075 
0.953369 0.235949 -0.179574 -0.056376 -1.991981 -1.573558 
0.954583 0.233626 -0.175583 -0.058043 -1.848927 -1.918568 
0.955694 0.231392 -0.172005 -0.059387 -1.706791 -2.273906 
0.956705 0.229258 -0.168857 -0.060401 -1.565197 -2.639847 
0.957614 0.227242 -0.166159 -0.061083 -1.423932 -3.016241 
0.958419 0.225365 -0.163929 -0.061437 -1.282702 -3.403286 
0.959118 0.223636 -0.162186 -0.061450 -1.141143 -3.800973 
0.959688 0.222136 -0.160983 -0.061153 -0.999643 -4.208749 
0.960167 0.220765 -0.160254 -0.060510 -0.857189 -4.625985 
0.960505 0.219653 -0.160129 -0.059523 -0.713912 -5.053394 
0.960705 0.218789 -0.160597 -0.058192 -0.569308 -5.490724 
0.960771 0.218158 -0.161666 -0.056493 -0.422758 -5.937816 
0.960686 0.217795 -0.163364 -0.054432 -0.274105 -6.394439 
0.960393 0.217860 -0.165744 -0.052116 -0.123413 -6.861374 
0.959962 0.218086 -0.168788 -0.049298 0.030713 -7.335681 
0.959286 0.218726 -0.172674 -0.046052 0.190334 -7.825534 
0.958479 0.219596 -0.176886 -0.042710 0.341127 -8.285301 
0.957253 0.221082 -0.182515 -0.038567 0.512372 -8.800620 
0.956584 0.221808 -0.185585 -0.036223 0.599295 -9.057943 
0.955733 0.222864 -0.189145 -0.033719 0.694028 -9.337640 
0.954862 0.223927 -0.192681 -0.031246 0.783478 -9.598873 
0.953877 0.225135 -0.196527 -0.028608 0.876026 -9.866141 
0.952785 0.226469 -0.200637 -0.025832 0.970596 -10.136032 
0.951570 0.227944 -0.205042 -0.022902 1.067747 -10.409649 
0.950225 0.229563 -0.209746 -0.019817 1.167428 -10.686415 
0.948737 0.231333 -0.214763 -0.016570 1.269849 -10.966413 
0.947095 0.233261 -0.220101 -0.013160 1.375167 -11.249593 
0.945283 0.235355 -0.225777 -0.009577 1.483557 -11.535901 
0.943286 0.237625 -0.231803 -0.005822 1.595240 -11.825392 
0.941088 0.240078 -0.238193 -0.001885 1.710462 -12.118128 
0.938667 0.242734 -0.244960 0.002226 1.829498 -12.414220 
0.936010 0.245573 -0.252126 0.006553 1.952731 -12.713957 
0.933048 0.248745 -0.259733 0.010989 2.080559 -13.016919 
0.929827 0.252037 -0.267751 0.015714 2.213178 -13.323971 
0.926262 0.255624 -0.276244 0.020620 2.351254 -13.635071 
0.922387 0.259450 -0.285104 0.025653 2.494045 -13.948921 
0.917941 0.263683 -0.294826 0.031143 2.646855 -14.271519 
0.913909 0.267609 -0.303268 0.035658 2.785215 -14.565713 
0.907930 0.272738 -0.315405 0.042667 2.958610 -14.887519 
0.907130 0.274212 -0.316442 0.042230 3.009311 -15.034869 
0.906939 0.274104 -0.317002 0.042898 3.053887 -15.186732 
0.907071 0.272998 -0.317374 0.044376 3.090633 -15.325925 
0.907635 0.270869 -0.317298 0.046429 3.121521 -15.467201 
0.908703 0.267734 -0.316546 0.048812 3.144128 -15.608607 
0.910232 0.263799 -0.315075 0.051275 3.157719 -15.746430 
0.912559 0.258495 -0.312296 0.053801 3.158811 -15.891609 
0.914775 0.253664 -0.309478 0.055814 3.154320 -16.012566 
0.920991 0.241568 -0.300092 0.058523 3.106110 -16.248264 
0.924207 0.235751 -0.294648 0.058897 3.070317 -16.342969 
0.928072 0.228834 -0.287869 0.059036 3.024028 -16.450554 
0.931705 0.222550 -0.281079 0.058529 2.974521 -16.539446 
0.935375 0.216306 -0.273874 0.057568 2.920417 -16.623219 
0.939065 0.210054 -0.266290 0.056236 2.860798 -16.697817 
0.942672 0.203996 -0.258501 0.054505 2.798616 -16.766934 
0.946206 0.198062 -0.250509 0.052447 2.733409 -16.829456 
0.949647 0.192245 -0.242364 0.050119 2.665742 -16.886053 
0.952971 0.186581 -0.234122 0.047541 2.596375 -16.937359 
0.956198 0.180933 -0.225780 0.044847 2.524547 -16.982395 
0.959250 0.175560 -0.217483 0.041923 2.452982 -17.023765 
0.962165 0.170309 -0.209186 0.038877 2.380546 -17.059885 
0.964942 0.165191 -0.200899 0.035707 2.307550 -17.091853 
0.967571 0.160222 -0.192660 0.032438 2.234573 -17.119650 
0.969971 0.155867 -0.184581 0.028715 2.166662 -17.146816 
0.972159 0.151983 -0.176716 0.024733 2.102633 -17.171442 
0.974135 0.148619 -0.169073 0.020453 2.043064 -17.194419 
0.975908 0.145754 -0.161662 0.015907 1.987900 -17.216021 
0.977489 0.143387 -0.154465 0.011078 1.937070 -17.236358 
0.978903 0.141419 -0.147445 0.006026 1.889596 -17.254575 
0.980124 0.139978 -0.140673 0.000695 1.847057 -17.272669 
0.981161 0.139015 -0.134160 -0.004855 1.808916 -17.288925 
0.982013 0.138537 -0.127942 -0.010595 1.775512 -17.303890 
0.982701 0.138468 -0.121972 -0.016496 1.745993 -17.317056 
0.983202 0.138914 -0.116314 -0.022600 1.721777 -17.329800 
0.983559 0.139693 -0.110858 -0.028835 1.700677 -17.340473 
0.983771 0.140809 -0.105603 -0.035206 1.682749 -17.349305 
0.983810 0.142376 -0.100642 -0.041734 1.669685 -17.357778 
0.983708 0.144241 -0.095932 -0.048309 1.659858 -17.364441 
0.983422 0.146588 -0.091617 -0.054972 1.655987 -17.371534 
0.983040 0.149047 -0.087414 -0.061632 1.652951 -17.375610 
0.982484 0.151952 -0.083554 -0.068398 1.655211 -17.379340 
0.981792 0.155129 -0.079914 -0.075215 1.660535 -17.381518 
0.980959 0.158595 -0.076505 -0.082089 1.669202 -17.382376 
0.980011 0.162232 -0.073244 -0.088988 1.679606 -17.380999 
0.978916 0.166173 -0.070306 -0.095867 1.694213 -17.379013 
0.977691 0.170350 -0.067634 -0.102716 1.712217 -17.376246 
0.976353 0.174689 -0.065156 -0.109532 1.732236 -17.371352 
0.974887 0.179247 -0.062925 -0.116322 1.755416 -17.365524 
0.973317 0.183920 -0.060821 -0.123099 1.779808 -17.357285 
0.971610 0.188840 -0.059010 -0.129830 1.808092 -17.348707 
0.969782 0.193934 -0.057393 -0.136541 1.838729 -17.338407 
0.967843 0.199174 -0.056000 -0.143174 1.871727 -17.326557 
0.965795 0.204550 -0.054817 -0.149733 1.906990 -17.313286 
0.963640 0.210055 -0.053849 -0.156206 1.944534 -17.298675 
0.961386 0.215664 -0.053075 -0.162589 1.983957 -17.282454 
0.959033 0.221380 -0.052521 -0.168859 2.025591 -17.265073 
0.956593 0.227176 -0.052178 -0.174998 2.069136 -17.246445 
0.954052 0.233084 -0.052052 -0.181032 2.114964 -17.226670 
0.951423 0.239076 -0.052140 -0.186936 2.162729 -17.205385 
0.948713 0.245138 -0.052458 -0.192680 2.212623 -17.183290 
0.945923 0.251251 -0.052946 -0.198306 2.263786 -17.159303 
0.943061 0.257444 -0.053737 -0.203707 2.317898 -17.135184 
0.940123 0.263679 -0.054688 -0.208992 2.373176 -17.109274 
0.937114 0.269974 -0.055886 -0.214088 2.430646 -17.082473 
0.934032 0.276330 -0.057320 -0.219010 2.490225 -17.054582 
0.930893 0.282721 -0.058997 -0.223724 2.551753 -17.025805 
0.927720 0.289103 -0.060916 -0.228187 2.614954 -16.996359 
0.924510 0.295482 -0.063061 -0.232421 2.679682 -16.966145 
0.921290 0.301847 -0.065535 -0.236311 2.747111 -16.936447 
0.918027 0.308206 -0.068185 -0.240021 2.815393 -16.905119 
0.914747 0.314547 -0.071102 -0.243445 2.885533 -16.873360 
0.911467 0.320865 -0.074349 -0.246516 2.958291 -16.842069 
0.908142 0.327192 -0.077805 -0.249386 3.032248 -16.809063 
0.904876 0.333420 -0.081653 -0.251768 3.109107 -16.777814 
0.901583 0.339622 -0.085678 -0.253944 3.186555 -16.744758 
0.898364 0.345701 -0.090080 -0.255621 3.266571 -16.713379 
0.895176 0.351695 -0.094764 -0.256931 3.348172 -16.681999 
0.892032 0.357579 -0.099706 -0.257874 3.430602 -16.650036 
0.888974 0.363330 -0.105061 -0.258269 3.516061 -16.620089 
0.885981 0.368945 -0.110715 -0.258230 3.602901 -16.590457 
0.883096 0.374358 -0.116647 -0.257712 3.690646 -16.561834 
0.880336 0.379545 -0.122870 -0.256675 3.779463 -16.534736 
0.877660 0.384545 -0.129317 -0.255228 3.868188 -16.507051 
0.875134 0.389284 -0.136097 -0.253186 3.958340 -16.481540 
0.872773 0.393733 -0.143211 -0.250522 4.049788 -16.458217 
0.870534 0.397927 -0.150581 -0.247346 4.141147 -16.434945 
0.868492 0.401751 -0.158174 -0.243576 4.232095 -16.413660 
0.866611 0.405241 -0.165964 -0.239277 4.322476 -16.393600 
0.864915 0.408356 -0.173970 -0.234385 4.412570 -16.375557 
0.863425 0.411048 -0.182155 -0.228893 4.501543 -16.359245 
0.862129 0.413320 -0.190445 -0.222875 4.588614 -16.344288 
0.860943 0.415271 -0.199433 -0.215838 4.679517 -16.329229 
0.859994 0.416735 -0.208048 -0.208687 4.764024 -16.316525 
0.857976 0.419165 -0.225989 -0.193176 4.935946 -16.281781 
0.856254 0.420300 -0.241902 -0.178398 5.080673 -16.238837 
0.854513 0.420522 -0.258984 -0.161538 5.227737 -16.179181 
0.853079 0.419431 -0.275110 -0.144321 5.354927 -16.104242 
0.852052 0.416999 -0.290227 -0.126772 5.461081 -16.013235 
0.851619 0.413056 -0.303912 -0.109144 5.538790 -15.900901 
0.851828 0.408307 -0.314750 -0.093557 5.580899 -15.779796 
0.852991 0.401849 -0.323879 -0.077970 5.581908 -15.618105 
0.853801 0.398619 -0.327162 -0.071457 5.564369 -15.526802 
0.854846 0.395161 -0.329919 -0.065242 5.536350 -15.426573 
0.855871 0.392183 -0.331705 -0.060478 5.500003 -15.326962 
0.856909 0.389515 -0.332837 -0.056678 5.454917 -15.221119 
0.857899 0.387212 -0.333449 -0.053762 5.402797 -15.109363 
0.858622 0.385700 -0.333604 -0.052096 5.350082 -15.001666 
0.859165 0.384613 -0.333631 -0.050982 5.290878 -14.879708 
0.859055 0.384829 -0.333633 -0.051196 5.262478 -14.816839 
0.859582 0.383741 -0.333707 -0.050034 5.231675 -14.754817 
0.859008 0.384834 -0.333767 -0.051067 5.202628 -14.683852 
0.858554 0.385396 -0.334288 -0.051107 5.172476 -14.602164 
0.860980 0.385595 -0.326510 -0.059085 5.008395 -14.453683 
0.863388 0.386044 -0.317673 -0.068371 4.773420 -14.176659 
0.866055 0.386092 -0.307972 -0.078120 4.532051 -13.907663 
0.868629 0.385794 -0.298452 -0.087342 4.286634 -13.623828 
0.871028 0.385259 -0.289388 -0.095871 4.050640 -13.347024 
0.873268 0.384516 -0.280772 -0.103743 3.822283 -13.073891 
0.875364 0.383606 -0.272571 -0.111034 3.601277 -12.804748 
0.877314 0.382568 -0.264826 -0.117742 3.387901 -12.539349 
0.879138 0.381434 -0.257456 -0.123977 3.181079 -12.277516 
0.880891 0.380133 -0.250508 -0.129625 2.981459 -12.019662 
0.882464 0.378899 -0.243921 -0.134978 2.787894 -11.764928 
0.883964 0.377574 -0.237699 -0.139876 2.600500 -11.513667 
0.885369 0.376224 -0.231830 -0.144394 2.419028 -11.265639 
0.886686 0.374860 -0.226319 -0.148541 2.243398 -11.020864 
0.887926 0.373486 -0.221123 -0.152363 2.073180 -10.779279 
0.889092 0.372117 -0.216236 -0.155881 1.908233 -10.540976 
0.890196 0.370749 -0.211640 -0.159109 1.747984 -10.305099 
0.891226 0.369413 -0.207369 -0.162044 1.593991 -10.074444 
0.892273 0.367993 -0.203067 -0.164927 1.432411 -9.827436 
0.893192 0.366710 -0.199295 -0.167415 1.285987 -9.600312 
0.894936 0.364146 -0.192352 -0.171794 1.000148 -9.144920 
0.896353 0.361932 -0.186978 -0.174954 0.755245 -8.738782 
0.897750 0.359673 -0.181964 -0.177709 0.503915 -8.307891 
0.898984 0.357615 -0.177880 -0.179735 0.270653 -7.892098 
0.900098 0.355721 -0.174583 -0.181139 0.050553 -7.483823 
0.901103 0.353993 -0.171995 -0.181998 -0.156658 -7.083984 
0.901989 0.352461 -0.170101 -0.182360 -0.351444 -6.692285 
0.902781 0.351093 -0.168883 -0.182211 -0.533306 -6.309136 
0.903474 0.349902 -0.168301 -0.181601 -0.702667 -5.934371 
0.904035 0.348946 -0.168289 -0.180657 -0.861298 -5.567392 
0.904553 0.348073 -0.168924 -0.179149 -1.005912 -5.208215 
0.904927 0.347450 -0.170088 -0.177362 -1.140363 -4.856113 
0.905228 0.346948 -0.171796 -0.175152 -1.262300 -4.511446 
0.905369 0.346709 -0.173968 -0.172741 -1.374922 -4.173846 
0.905444 0.346558 -0.176688 -0.169870 -1.473920 -3.843678 
0.905350 0.346664 -0.179837 -0.166827 -1.563832 -3.520461 
0.905185 0.346837 -0.183537 -0.163300 -1.639150 -3.204402 
0.904859 0.347227 -0.187591 -0.159635 -1.705539 -2.895107 
0.904393 0.347777 -0.192112 -0.155665 -1.760017 -2.592701 
0.903787 0.348472 -0.196978 -0.151494 -1.804732 -2.295513 
0.903132 0.349155 -0.202005 -0.147150 -1.840472 -2.001258 
0.902483 0.349730 -0.207061 -0.142669 -1.868192 -1.707821 
0.901790 0.350281 -0.212189 -0.138092 -1.888457 -1.415294 
0.901068 0.350781 -0.217358 -0.133423 -1.900503 -1.124981 
0.900288 0.351287 -0.222519 -0.128767 -1.906413 -0.837049 
0.899472 0.351753 -0.227705 -0.124048 -1.904477 -0.551592 
0.898630 0.352146 -0.232955 -0.119191 -1.892900 -0.268546 
0.897720 0.352568 -0.238170 -0.114398 -1.876332 0.012906 
0.896769 0.352948 -0.243420 -0.109528 -1.851456 0.292563 
0.895773 0.353300 -0.248685 -0.104615 -1.819002 0.570709 
0.894721 0.353637 -0.253963 -0.099674 -1.779159 0.846892 
0.893634 0.353929 -0.259238 -0.094691 -1.731579 1.121899 
0.892482 0.354221 -0.264530 -0.089691 -1.676466 1.393514 
0.891352 0.354383 -0.269742 -0.084641 -1.614156 1.670376 
0.889976 0.354848 -0.275095 -0.079753 -1.543939 1.912311 
0.889462 0.354047 -0.279148 -0.074899 -1.475202 2.217943 
0.886864 0.356596 -0.284907 -0.071689 -1.410469 2.276217 
0.889954 0.351718 -0.281843 -0.069875 -1.397208 2.557293 
0.884790 0.358760 -0.289140 -0.069620 -1.383414 2.410226 
0.884227 0.359421 -0.290087 -0.069334 -1.384022 2.453137 
0.882008 0.362416 -0.293143 -0.069273 -1.391112 2.469687 
0.878322 0.367747 -0.297273 -0.070474 -1.438532 2.509230 
0.874074 0.374216 -0.301061 -0.073154 -1.522934 2.523067 
0.868977 0.382140 -0.304821 -0.077319 -1.647122 2.518642 
0.863222 0.390981 -0.308635 -0.082346 -1.793471 2.490699 
0.856838 0.400622 -0.312450 -0.088172 -1.961952 2.442119 
0.849649 0.411028 -0.316750 -0.094279 -2.140337 2.374768 
0.842487 0.421048 -0.320950 -0.100098 -2.311113 2.297790 
0.834030 0.432353 -0.325821 -0.106532 -2.501846 2.196848 
0.829703 0.437791 -0.328713 -0.109078 -2.583668 2.150027 
0.825052 0.443502 -0.331908 -0.111594 -2.667360 2.099701 
0.820737 0.448558 -0.335193 -0.113365 -2.732926 2.057066 
0.816371 0.453497 -0.338704 -0.114793 -2.791774 2.016002 
0.812004 0.458256 -0.342420 -0.115835 -2.842827 1.977368 
0.807639 0.462831 -0.346349 -0.116481 -2.885789 1.941637 
0.803289 0.467219 -0.350452 -0.116767 -2.921345 1.908123 
0.798978 0.471373 -0.354774 -0.116599 -2.947265 1.878478 
0.794688 0.475347 -0.359239 -0.116107 -2.966641 1.851026 
0.790438 0.479105 -0.363880 -0.115225 -2.977965 1.827040 
0.786214 0.482670 -0.368675 -0.113995 -2.982286 1.806022 
0.782043 0.485999 -0.373643 -0.112356 -2.978055 1.788907 
0.777841 0.489226 -0.378718 -0.110509 -2.970341 1.772273 
0.773766 0.492110 -0.383980 -0.108130 -2.950926 1.762099 
0.769739 0.494791 -0.389336 -0.105455 -2.925458 1.754539 
0.765807 0.497209 -0.394780 -0.102429 -2.892606 1.750974 
0.761956 0.499385 -0.400301 -0.099084 -2.853018 1.750828 
0.758200 0.501304 -0.405886 -0.095418 -2.806833 1.754820 
0.754516 0.502992 -0.411538 -0.091455 -2.754423 1.761793 
0.750857 0.504494 -0.417269 -0.087225 -2.696867 1.770902 
0.747504 0.505504 -0.422985 -0.082518 -2.627806 1.789176 
0.744005 0.506533 -0.428789 -0.077744 -2.559079 1.804641 
0.740775 0.507106 -0.434579 -0.072527 -2.480078 1.828703 
0.737651 0.507415 -0.440375 -0.067040 -2.395526 1.856664 
0.734561 0.507544 -0.446184 -0.061360 -2.307161 1.885800 
0.731661 0.507337 -0.451927 -0.055410 -2.212786 1.920458 
0.728881 0.506863 -0.457631 -0.049232 -2.113192 1.958233 
0.726267 0.506096 -0.463243 -0.042852 -2.009631 2.000888 
0.723755 0.505076 -0.468817 -0.036259 -1.901110 2.045986 
0.721450 0.503724 -0.474270 -0.029454 -1.788004 2.096858 
0.719235 0.502132 -0.479676 -0.022456 -1.670788 2.149997 
0.717200 0.500218 -0.484978 -0.015240 -1.548646 2.208112 
0.715295 0.498060 -0.490160 -0.007900 -1.423720 2.268690 
0.713594 0.495603 -0.495168 -0.000435 -1.295820 2.333727 
0.712087 0.492871 -0.499990 0.007119 -1.165830 2.402755 
0.710743 0.489880 -0.504652 0.014772 -1.033320 2.474717 
0.709601 0.486606 -0.509122 0.022516 -0.898319 2.550563 
0.708623 0.483096 -0.513405 0.030309 -0.761941 2.628931 
0.707836 0.479335 -0.517477 0.038142 -0.624239 2.710542 
0.707209 0.475358 -0.521350 0.045992 -0.486308 2.794514 
0.706846 0.471084 -0.524955 0.053871 -0.346668 2.883065 
0.706652 0.466644 -0.528312 0.061668 -0.208985 2.973241 
0.706559 0.462048 -0.531500 0.069451 -0.070893 3.063405 
0.706880 0.457134 -0.534257 0.077124 0.065912 3.160847 
0.707308 0.452105 -0.536815 0.084710 0.201153 3.257888 
0.707917 0.446928 -0.539111 0.092183 0.334354 3.356200 
0.708748 0.441594 -0.541107 0.099513 0.464975 3.456576 
0.709824 0.436088 -0.542790 0.106702 0.593354 3.559452 
0.711109 0.430451 -0.544178 0.113727 0.718868 3.663635 
0.712605 0.424741 -0.545248 0.120507 0.839744 3.768660 
0.714305 0.418986 -0.545997 0.127011 0.955162 3.874056 
0.716180 0.413214 -0.546455 0.133241 1.065452 3.978873 
0.718299 0.407377 -0.546570 0.139193 1.170469 4.085070 
0.720555 0.401612 -0.546413 0.144801 1.268825 4.189328 
0.723236 0.395343 -0.545885 0.150542 1.369073 4.302443 
0.725945 0.389570 -0.545071 0.155501 1.454193 4.408350 
0.731736 0.377934 -0.542809 0.164875 1.613762 4.616225 
0.736860 0.367311 -0.540529 0.173218 1.755028 4.798227 
0.741594 0.357048 -0.538324 0.181275 1.886232 4.964704 
0.746616 0.345025 -0.535848 0.190823 2.059163 5.144200 
0.748539 0.340111 -0.534906 0.194796 2.093906 5.205230 
0.754513 0.324440 -0.531631 0.207192 2.484714 5.450512 
0.751918 0.330041 -0.533262 0.203221 2.002771 5.272180 
0.753531 0.326644 -0.532216 0.205573 1.850749 5.269327 
0.753923 0.325883 -0.531923 0.206040 1.304192 5.130568 
0.754836 0.323970 -0.531303 0.207334 0.858402 5.019013 
0.755597 0.322348 -0.530776 0.208428 0.361588 4.880020 
0.756367 0.320666 -0.530246 0.209580 -0.120812 4.734548 
0.757099 0.319009 -0.529742 0.210733 -0.601711 4.577914 
0.757814 0.317354 -0.529251 0.211896 -1.077893 4.411735 
0.758504 0.315705 -0.528777 0.213072 -1.550100 4.235309 
0.759170 0.314061 -0.528320 0.214259 -2.018212 4.048694 
0.759821 0.312400 -0.527874 0.215473 -2.481871 3.852198 
0.760460 0.310719 -0.527437 0.216718 -2.940910 3.645497 
0.761080 0.309030 -0.527014 0.217983 -3.395630 3.428837 
0.761705 0.307278 -0.526584 0.219306 -3.845304 3.201853 
0.762247 0.305664 -0.526222 0.220557 -4.292210 2.965216 
0.763071 0.303361 -0.525626 0.222266 -4.725942 2.717074 
0.762844 0.303433 -0.525881 0.222449 -5.159996 2.478137 
0.765725 0.296450 -0.523592 0.227142 -5.457514 2.240287 
0.761909 0.304820 -0.526746 0.221926 -5.868849 2.076624 
0.769931 0.286195 -0.520201 0.234006 -5.358285 2.186321 
0.772128 0.279898 -0.518319 0.238421 -5.285146 2.145192 
0.777853 0.263072 -0.513248 0.250176 -4.933084 2.120406 
0.779164 0.257567 -0.511792 0.254225 -4.829875 2.084636 
];
